100    0.275   0.544038     9.51708e-09
100    0.325   0.443613     8.3787e-09
100    0.375   0.331134     7.56612e-09
100    0.425   0.252111     6.58827e-09
100    0.475   0.202894     5.54615e-09
90    0.375   0.290565     8.13958e-09
90    0.425   0.232004     6.86237e-09
90    0.475   0.171564     6.00028e-09
90    0.525   0.130228     5.25668e-09
90    0.575   0.104767     4.33413e-09
80    0.475   0.156831     6.3558e-09
80    0.525   0.123992     5.31316e-09
80    0.575   0.0945678     4.69692e-09
80    0.625   0.074137     4.26166e-09
80    0.675   0.0627618     4.18668e-09
80    0.725   0.0563199     5.84779e-09
70    0.525   0.105243     5.5959e-09
70    0.575   0.0900501     4.94273e-09
70    0.625   0.0721517     4.26811e-09
70    0.675   0.0577356     4.1579e-09
70    0.725   0.0470963     4.49036e-09
