 4     0.325  0.688511  0.0477283
 4     0.375  0.733071  0.0112041
 4     0.425  0.730387  0.0108716
 4     0.475  0.73937  0.0170169
 4     0.425  0.733482  0.024345
 4     0.475  0.752551  0.0121916
 4     0.525  0.684744  0.0123025
 4     0.575  0.604213  0.0143352
 4     0.625  0.644313  0.0405247
 4     0.525  0.714591  0.057817
 4     0.575  0.676184  0.0417094
 4     0.625  0.639835  0.0426088
 4     0.675  0.685903  0.0470771
 4     0.725  0.472096  0.0853659
 4     0.575  0.550217  0.136977
 4     0.625  0.603491  0.020399
 4     0.675  0.598881  0.018723
 4     0.725  0.568606  0.021026
 4     0.775  0.416688  0.035418
