100    0.325   0.670817     1.26252e-08
100    0.375   0.513382     1.16835e-08
100    0.425   0.401487     1.0445e-08
100    0.475   0.331826     9.02722e-09
90    0.425   0.369004     1.08668e-08
90    0.475   0.27959     9.7294e-09
90    0.525   0.217158     8.71678e-09
90    0.575   0.179588     7.38897e-09
80    0.525   0.206191     8.78711e-09
80    0.575   0.160058     7.90034e-09
80    0.625   0.127093     7.25928e-09
80    0.675   0.108941     7.23812e-09
80    0.725   0.0971071     1.00828e-08
70    0.525   0.172888     9.15333e-09
70    0.575   0.150915     8.24048e-09
70    0.625   0.123369     7.25165e-09
70    0.675   0.0989543     7.09127e-09
70    0.725   0.0795874     7.56358e-09
