 4     0.325  0.665199  0.008636
 4     0.375  0.720374  0.00201382
 4     0.425  0.714178  0.00187759
 4     0.475  0.704057  0.00275368
 4     0.425  0.674192  0.00885525
 4     0.475  0.719404  0.00412533
 4     0.525  0.627746  0.00410832
 4     0.575  0.602694  0.00484797
 4     0.625  0.602245  0.0140933
 4     0.525  0.674963  0.00532768
 4     0.575  0.680506  0.00387045
 4     0.625  0.680449  0.00397644
 4     0.675  0.713056  0.00427944
 4     0.725  0.686990  0.00821873
 4     0.575  0.526573  0.0359842
 4     0.625  0.660888  0.00484681
 4     0.675  0.672099  0.00438418
 4     0.725  0.656047  0.00498951
 4     0.775  0.580258  0.00876918
