Run	Pol(1+,2-)	Mom	Pol=1 =+v2,2=-v2
6018	1	4.38	
6019	1	4.38	
6020	1	4.38	
6021	1	4.38	
6022	1	4.38	
6023	1	4.37	
6024	1	4.38	
6025	1	4.38	
6026	1	4.39	
6027	1	3.75	
6028	1	3.75	
6029	1	3.73	
6030	1	3.76	
6031	1	3.76	
6032	1	3.76	
6033	1	3.75	
6034	1	3.76	
6035	1	3.76	
6036	1	3.76	
6038	1	3.12	
6039	1	3.12	
6040	1	3.12	
6041	1	3.12	
6042	1	3.12	
6043	1	3.13	
6044	1	3.12	
6045	1	3.13	
6046	1	3.13	
6049	1	2.49	
6050	1	2.5	
6051	1	2.5	
6052	1	2.5	
6053	1	2.5	
6054	1	2.5	
6055	1	2.5	
6056	1	2.49	
6057	1	2.49	
6058	1	2.49	
6059	1	2.5	
6060	1	2.5	
6061	1	2.49	
6062	1	2.49	
6063	1	2.49	
6064	1	2.5	
6065	2	4.37	
6066	2	4.37	
6067	2	4.36	
6068	2	4.38	
6070	2	4.37	
6071	2	4.38	
6080	2	3.73	
6081	2	3.74	
6082	2	3.75	
6083	2	3.74	
6084	2	3.11	
6085	2	3.11	
6086	2	3.11	
6087	2	3.12	
6088	2	3.11	
6089	2	3.11	
6090	2	3.11	
6091	2	2.49	
6093	2	2.49	
6094	2	2.5	
6095	2	2.49	
6096	2	2.49	
6097	2	2.48	
6098	2	2.49	
6099	2	2.49	
6101	2	2.49	
6102	2	2.48	
6103	2	2.48	
6104	2	3.31	
6105	2	3.32	
6106	2	3.32	
6109	2	3.33	
6110	2	3.31	
6112	2	3.32	
6114	2	3.33	
6115	2	2.87	
6116	2	2.88	
6117	2	2.87	
6118	2	2.87	
6119	2	2.88	
6120	2	2.88	
6121	2	2.87	
6122	2	2.39	
6123	2	2.4	
6124	2	2.39	
6125	2	2.39	
6126	2	2.39	
6127	2	2.4	
6128	2	2.39	
6129	2	1.9	
6130	2	1.89	
6132	2	1.89	
6133	2	1.91	
6135	2	1.89	
6136	2	1.9	
6137	2	1.9	
6138	2	1.9	
6139	2	1.9	
6140	2	1.9	
6141	2	1.9	
6142	1	3.34	
6144	1	3.34	
6145	1	3.35	
6146	1	3.34	
6155	1	3.32	
6163	1	3.34	
6164	1	3.34	
6166	1	3.34	
6168	1	3.33	
6169	1	3.35	
6170	1	2.89	
6171	1	2.88	
6172	1	2.89	
6174	1	2.87	
6175	1	2.88	
6177	1	2.4	
6178	1	2.4	
6179	1	2.4	
6180	1	2.4	
6181	1	2.4	
6182	1	2.4	
6183	1	1.9	
6184	1	1.9	
6185	1	1.9	
6186	1	1.9	
6187	1	1.9	
6188	1	1.9	
6189	1	1.9	
6190	1	1.91	
6192	1	4.06	
6193	1	4.07	
6194	1	4.09	
6195	1	4.08	
6196	1	4.08	
6197	1	3.48	
6198	1	3.48	
6199	1	3.48	
6200	1	3.48	
6201	1	3.48	
6202	1	2.93	
6203	1	2.92	
6204	1	2.92	
6205	1	2.92	
6208	1	2.93	
6209	1	2.93	
6210	1	2.93	
6211	1	2.93	
6212	1	2.92	
6213	1	2.35	
6214	1	2.35	
6215	1	2.36	
6216	1	2.35	
6217	1	2.36	
6219	1	2.36	
6220	1	2.36	
6221	1	2.36	
6222	1	2.36	
6223	1	2.36	
6224	1	2.36	
6225	1	2.37	
6237	2	4.09	
6240	2	4.08	
6241	2	4.08	
6242	2	4.06	
6243	2	4.06	
6244	2	4.04	
6245	2	4.06	
6246	2	4.06	
6247	2	4.06	
6248	2	3.48	
6249	2	3.48	
6250	2	3.47	
6251	2	3.47	
6252	2	3.47	
6253	2	3.47	
6254	2	3.47	
6255	2	3.47	
6256	2	2.91	
6257	2	2.91	
6258	2	2.91	
6259	2	2.91	
6260	2	2.91	
6261	2	2.91	
6262	2	2.91	
6263	2	2.92	
6264	2	2.91	
6265	2	2.92	
6266	2	2.92	
6267	2	2.91	
6270	2	2.35	
6271	2	2.35	
6272	2	2.35	
6273	2	2.34	
6274	2	2.37	
6275	2	2.35	
6276	2	2.36	
6281	2	2.36	
6282	2	2.36	
6284	2	2.35	
6285	2	3.3	
6286	2	3.3	
6287	2	3.3	
6288	2	3.32	
6289	2	3.31	
6290	2	3.32	
6291	2	3.32	
6292	2	2.88	
6293	2	2.88	
6294	2	2.87	
6295	2	2.87	
6296	2	2.88	
6297	2	2.88	
6298	2	2.88	
6299	2	2.88	
6300	2	2.4	
6301	2	2.4	
6302	2	2.39	
6304	2	2.38	
6305	2	2.4	
6306	2	2.39	
6307	2	2.39	
6308	2	2.39	
6309	1	3.35	
6310	1	3.35	
6311	1	3.34	
6312	1	3.33	
6313	1	3.35	
6314	1	3.36	
6315	1	2.88	
6316	1	2.88	
6317	1	2.88	
6318	1	2.89	
6322	1	2.89	
6323	1	2.89	
6325	1	2.4	
6326	1	2.39	
6327	1	2.4	
6328	1	2.4	
6329	1	2.4	
6331	1	2.4	
6332	1	2.4	
6334	1	1.9	
6335	1	1.9	
6336	1	1.9	
6337	1	1.9	
6338	1	1.9	
6339	1	1.89	
6340	1	1.9	
6341	1	1.9	
6342	1	1.9	
6343	1	1.9	
6344	1	1.9	
6345	1	1.9	
6346	1	1.9	
6347	1	1.91	
6348	2	1.9	
6349	2	1.9	
6350	2	1.9	
6351	2	1.9	
6352	2	1.89	
6353	2	1.89	
6354	2	1.88	
6355	2	1.89	
6356	2	1.89	
6357	2	1.89	
6358	2	1.9	
6359	2	3.03	
6360	2	3.03	
6363	2	3.02	
6364	2	3.02	
6365	2	3.03	
6367	2	2.58	
6368	2	2.57	
6370	2	2.58	
6371	2	2.58	
6372	2	2.58	
6373	2	2.16	
6374	2	2.15	
6375	2	2.16	
6376	2	2.15	
6377	2	2.16	
6378	2	1.76	
6379	2	1.76	
6380	2	1.76	
6381	2	1.76	
6382	2	1.76	
6383	2	1.76	
6385	1	3.05	
6386	1	3.07	
6387	1	3.05	
6388	1	3.06	
6389	1	3.05	
6390	1	2.58	
6391	1	2.59	
6393	1	2.59	
6394	1	2.6	
6395	1	2.59	
6396	1	2.6	
6397	1	3.06	
6399	1	2.16	
6400	1	2.17	
6401	1	2.16	
6402	1	2.17	
6403	1	2.16	
6404	1	2.17	
6405	1	2.17	
6406	1	2.17	
6407	1	1.76	
6408	1	1.76	
6411	1	1.76	
6412	1	1.76	
6413	1	1.76	
6415	1	1.76	
6416	1	1.76	
6417	1	1.76	
6419	1	3.84	
6421	1	3.84	
6422	1	3.84	
6423	1	3.84	
6425	1	3.84	
6426	1	3.84	
6427	1	3.29	
6428	1	3.29	
6429	1	3.29	
6430	1	3.29	
6431	1	3.3	
6432	1	3.29	
6433	1	3.29	
6434	1	2.74	
6435	1	2.75	
6436	1	2.75	
6439	1	2.75	
6440	1	2.75	
6441	1	2.18	
6442	1	2.18	
6443	1	2.19	
6444	1	2.18	
6445	1	2.19	
6446	1	2.19	
6447	1	2.18	
6448	1	2.19	
6451	2	3.82	
6452	2	3.82	
6454	2	3.81	
6455	2	3.82	
6456	2	3.27	
6459	2	3.27	
6460	2	3.28	
6461	2	3.28	
6462	2	3.28	
6463	2	3.28	
6464	2	3.27	
6465	2	2.73	
6466	2	2.74	
6467	2	2.73	
6468	2	2.74	
6469	2	2.76	
6470	2	2.73	
6471	2	2.17	
6472	2	2.18	
6473	2	2.18	
6474	2	2.17	
6475	2	2.18	
6476	2	2.18	
6477	2	2.18	
6478	2	2.18	
6479	2	2.18	
6486	2	3.03	
6487	2	3.03	
6488	2	2.6	
6489	2	2.58	
6490	2	2.16	
6491	2	2.16	
6493	2	2.16	
6494	2	2.15	
6495	2	1.76	
6496	2	1.76	
6497	2	1.76	
6498	2	1.76	
6499	2	1.76	
6500	1	3.05	
6501	1	3.05	
6502	1	3.05	
6503	1	2.59	
6504	1	2.57	
6506	1	2.59	
6507	1	2.59	
6509	1	2.16	
6510	1	2.17	
6512	1	2.16	
6513	1	1.76	
6514	1	1.76	
6515	1	1.76	
6516	1	1.76	
6517	1	1.76	
6518	1	4.22	
6519	1	4.22	
6520	1	4.23	
6521	1	4.21	
6522	2	4.2	
6523	2	4.2	
6524	2	4.2	
6525	2	4.2	
6526	2	4.2	
6527	2	3.6	
6528	2	3.6	
6529	2	3.6	
6531	2	3.6	
6532	2	3.6	
6533	1	3.62	
6534	1	3.62	
6535	1	3.62	
6536	1	3.62	
6537	1	3.83	
6538	1	3.85	
6539	1	3.3	
6541	1	3.29	
6542	1	2.75	
6543	1	2.74	
6544	1	2.75	
6545	2	3.82	
6546	2	3.83	
6547	2	3.27	
6548	2	3.27	
6549	2	3.28	
6550	2	2.73	
6551	2	2.73	
6552	2	2.74	
7593	2	3.24	
7599	2	3.16	
7600	2	3.24	
7601	2	3.24	
7602	2	3.22	
7603	2	3.23	
7604	2	3.19	
7605	2	2.78	
7606	2	2.79	
7607	2	2.79	
7608	2	2.79	
7609	2	2.79	
7610	2	2.8	
7611	2	2.36	
7612	2	2.35	
7613	2	2.35	
7614	2	2.35	
7615	2	2.36	
7616	2	2.35	
7617	2	2.35	
7618	2	2.34	
7619	2	2.35	
7620	2	1.85	
7621	2	1.85	
7622	2	1.86	
7623	2	1.85	
7625	2	1.86	
7626	2	1.85	
7627	2	1.86	
7628	2	1.86	
7629	2	1.86	
7630	2	1.86	
7631	2	1.86	
7632	2	1.86	
7633	2	1.85	
7634	2	1.85	
7635	1	3.28	
7636	1	3.27	
7637	1	3.27	
7638	1	3.25	
7639	1	3.24	
7640	1	2.8	
7641	1	2.81	
7642	1	2.8	
7643	1	2.8	
7644	1	2.79	
7645	1	2.8	
7646	1	2.36	
7647	1	2.36	
7648	1	2.36	
7649	1	2.36	
7650	1	2.36	
7651	1	2.36	
7652	1	2.36	
7654	1	2.36	
7655	1	2.35	
7657	1	1.86	
7658	1	1.86	
7659	1	1.87	
7660	1	1.87	
7661	1	1.86	
7662	1	1.86	
7663	1	1.87	
7666	1	1.87	
7667	1	1.87	
7668	1	1.86	
7669	1	1.86	
7670	1	1.86	
7671	2	3.6	
7672	2	3.6	
7673	2	3.58	
7674	2	3.6	
7675	2	3	
7676	2	2.99	
7677	2	2.98	
7679	2	2.99	
7680	2	2.99	
7681	2	2.99	
7682	2	3	
7684	2	2.43	
7685	2	2.43	
7686	2	2.43	
7687	2	2.42	
7688	2	2.42	
7689	2	2.42	
7690	2	2.42	
7692	2	2.41	
7694	2	2.43	
7695	2	2.42	
7697	1	3.61	
7698	1	3.63	
7699	1	3.62	
7702	1	3.62	
7703	1	3.63	
7706	1	3	
7707	1	3	
7708	1	3	
7709	1	3	
7710	1	3.01	
7711	1	3.01	
7712	1	3	
7713	1	2.42	
7714	1	2.44	
7715	1	2.42	
7716	1	2.43	
7717	1	2.43	
7718	1	2.43	
7719	1	2.43	
7720	1	2.43	
7721	1	2.43	
7722	1	2.44	
7723	2	4.3	
7724	2	4.43	
7725	2	4.43	
7727	2	3.31	
7728	2	3.31	
7730	2	3.31	
7733	2	3.29	
7735	2	3.31	
7736	2	3.3	
7737	2	2.81	
7738	2	2.81	
7739	2	2.82	
7740	2	2.81	
7741	2	2.82	
7742	2	2.84	
7743	2	2.83	
7747	2	2.82	
7748	2	2.81	
7749	2	2.78	
7750	2	2.31	
7751	2	2.34	
7752	2	2.33	
7753	2	2.33	
7754	2	2.33	
7755	2	2.33	
7757	2	2.33	
7758	2	2.33	
7759	2	2.32	
7760	1	4.44	
7762	1	4.45	
7763	1	4.47	
7765	1	3.32	
7766	1	3.32	
7768	1	3.33	
7769	1	3.33	
7770	1	3.33	
7771	1	3.33	
7772	1	3.33	
7773	1	2.81	
7774	1	2.83	
7775	1	2.82	
7776	1	2.83	
7777	1	2.82	
7778	1	2.81	
7779	1	2.81	
7781	1	2.34	
7782	1	2.33	
7783	1	2.33	
7784	1	2.33	
7785	1	2.33	
7786	1	2.33	
7787	1	2.33	
7790	1	2.32	
7791	1	2.33	
7792	1	2.34	
7793	2	3.55	
7794	2	3.55	
7796	2	3.55	
7797	2	3.55	
7798	2	2.99	
7799	2	2.99	
7800	2	2.99	
7801	2	2.98	
7802	2	2.99	
7803	2	2.46	
7804	2	2.47	
7805	2	2.46	
7806	2	2.46	
7807	2	2.46	
7808	1	3.58	
7809	1	3.57	
7811	1	3.58	
7812	1	3	
7813	1	3	
7814	1	3	
7815	1	2.47	
7816	1	2.46	
7817	1	2.47	
7819	1	2.49	
7820	1	2.46	
5405	1	4.75	
5406	1	4.82	
5407	1	4.81	
5408	1	4.82	
5409	1	3.54	
5410	1	3.55	
5411	1	3.54	
5413	1	3.55	
5414	1	3.55	
5415	1	3.55	
5434	1	3.55	
5435	1	3.55	
5436	1	3.55	
5437	1	3.56	
5438	1	3.55	
5439	1	3.55	
5440	1	3.56	
5441	1	3.56	
5442	1	3.56	
5443	1	3.55	
5444	1	3.55	
5445	1	3.55	
5446	1	3.55	
5447	1	3.56	
5448	1	3.55	
5449	1	3.54	
5451	1	3.55	
5452	1	3.56	
5453	1	3.56	
5454	1	3.56	
5455	1	3.55	
5456	1	3.55	
5457	1	3.55	
5458	1	3.54	
5459	1	3.55	
5460	1	3.54	
5461	1	3.55	
5464	1	3.53	
5465	1	3.53	
5466	1	3.53	
5467	1	3.52	
5468	1	3.51	
5469	1	3.52	
5470	1	3.54	
5471	1	3.53	
5472	1	3.53	
5473	1	3.53	
5474	1	3.54	
5475	1	3.54	
5476	1	3.54	
5477	1	3.56	
5478	1	3.55	
5479	1	3.55	
5480	1	3.55	
5481	1	3.56	
5483	1	3.54	
5484	1	3.55	
5485	1	3.54	
5486	1	2.63	
5487	1	2.64	
5488	1	2.64	
5491	1	2.63	
5492	1	2.64	
5493	1	2.64	
5494	1	2.64	
5495	1	2.64	
5496	1	2.63	
5497	1	2.64	
5498	1	2.64	
5499	1	2.64	
5500	1	2.64	
5501	1	2.63	
5502	1	2.64	
5504	1	2.64	
5505	1	2.65	
5507	1	2.64	
5508	1	2.65	
5509	1	2.65	
5510	1	2.64	
5511	1	2.65	
5512	1	2.64	
5514	1	2.64	
5515	1	2.65	
5517	1	2.64	
5518	1	2.65	
5519	1	2.65	
5520	1	2.64	
5521	1	2.65	
5522	1	2.64	
5524	1	2.64	
5525	1	2.63	
5527	1	2.63	
5528	1	2.64	
5529	1	2.62	
5530	1	2.64	
5531	1	2.64	
5532	1	2.64	
5542	1	2.63	
5543	1	2.62	
5544	1	2.62	
5546	1	2.61	
5547	1	2.63	
5548	1	2.62	
5549	1	2.62	
5550	1	2.63	
5551	1	2.61	
5552	1	2.61	
5553	1	2.61	
5554	1	2.62	
5555	1	2.62	
5556	1	2.61	
5557	1	2.61	
5558	1	2.61	
5561	1	2.59	
5562	1	2.6	
5563	1	2.59	
5564	1	2.59	
5565	1	2.59	
5566	1	2.59	
5567	1	2.6	
5568	1	2.6	
5569	1	2.59	
5570	1	2.59	
5571	1	2.6	
5573	1	2.57	
5574	1	2.59	
5575	1	2.56	
5576	1	2.59	
5577	1	2.58	
5578	1	2.57	
5579	1	2.59	
5581	1	2.55	
5582	1	2.58	
5583	1	2.58	
5584	1	2.59	
5585	1	2.59	
5586	1	2.58	
5587	1	2.58	
5588	1	2.58	
5589	1	2.63	
5590	1	2.64	
5591	1	2.64	
5593	1	2.64	
5594	1	2.65	
5595	1	2.64	
5596	1	2.64	
5597	1	2.62	
5627	2	4.59	
5628	2	4.6	
5630	2	4.59	
5632	2	4.77	
5633	2	4.74	
5634	2	4.75	
5635	2	4.75	
5636	2	4.75	
5637	2	4.78	
5639	2	4.94	
5640	2	4.93	
5641	2	4.93	
5643	2	4.93	
5644	2	4.91	
5646	2	4.89	
5647	2	4.92	
5648	2	4.92	
5649	2	4.92	
5650	2	4.92	
5651	2	4.92	
5652	2	4.92	
5653	2	4.93	
5654	2	4.9	
5655	2	4.91	
5656	2	4.94	
5657	2	4.93	
5658	2	4.93	
5659	2	4.92	
5660	2	4.92	
5663	2	4.93	
5666	2	4.94	
5667	2	4.9	
5668	2	4.91	
5669	2	4.92	
5670	2	4.92	
5671	2	4.95	
5672	2	4.94	
5673	2	4.93	
5674	2	4.93	
5675	2	4.92	
5676	2	4.94	
5677	2	4.94	
5678	2	4.93	
5679	2	4.93	
5680	2	4.95	
5682	2	4.91	
5683	2	4.91	
5684	2	4.9	
5685	2	4.91	
5686	2	4.9	
5687	2	3.52	
5688	2	3.52	
5689	2	3.53	
5690	2	3.51	
5691	2	3.51	
5692	2	3.5	
5693	2	3.51	
5694	2	3.49	
5695	2	3.49	
5696	2	3.49	
5697	2	3.51	
5698	2	3.51	
5699	2	3.51	
5700	2	3.55	
5701	2	3.51	
5713	2	2.63	
5714	2	2.64	
5715	2	2.63	
5716	2	2.63	
5717	2	2.63	
5718	2	2.63	
5719	2	2.63	
5720	2	2.62	
5721	2	2.62	
5722	2	2.63	
5724	2	2.64	
5725	2	2.62	
5726	2	2.62	
5727	2	2.64	
5728	2	2.64	
5729	2	2.62	
5730	2	2.64	
5731	2	2.63	
5732	2	2.63	
5733	2	2.63	
5734	2	2.64	
5735	2	2.63	
5736	2	2.62	
5737	2	2.62	
5738	2	2.64	
5739	2	2.63	
5740	2	2.63	
5741	2	2.64	
5743	2	2.64	
5744	2	2.62	
5745	2	2.63	
5746	2	2.6	
5747	2	2.66	
5748	2	2.63	
5749	2	2.63	
5750	2	2.63	
5751	2	2.64	
5752	2	2.63	
5753	2	2.64	
5754	2	2.63	
5756	2	2.63	
5757	2	2.63	
5758	2	2.62	
5759	2	2.63	
5760	2	2.63	
5761	2	2.63	
5762	2	2.62	
5767	2	2.63	
5768	2	2.62	
5773	2	2.62	
5774	2	2.61	
5783	2	2.61	
5784	2	2.61	
5785	2	2.61	
5786	2	2.61	
5787	2	2.61	
5789	2	2.6	
5790	2	2.59	
5791	2	2.6	
5792	2	2.6	
5793	2	2.59	
5794	2	2.6	
5795	2	2.6	
5797	2	2.58	
5798	2	2.59	
5800	2	2.59	
5801	2	2.59	
5802	2	2.59	
5803	2	2.58	
5804	2	2.58	
5805	2	2.58	
5806	2	2.56	
5807	2	2.56	
5808	2	2.58	
5809	2	2.6	
5810	2	2.55	
5812	2	2.58	
5813	2	2.56	
5814	2	2.56	
5815	2	2.57	
5816	2	2.57	
5817	2	2.57	
5818	2	2.56	
5819	2	2.54	
5820	2	2.55	
5821	2	2.55	
5822	2	2.56	
5846	2	2.57	
5847	2	2.58	
5848	2	2.56	
5849	2	2.55	
5850	2	2.58	
5851	2	2.57	
5852	2	2.56	
5853	2	2.57	
5854	2	2.56	
5855	1	2.57	
5856	1	2.57	
5857	1	2.57	
5858	1	2.57	
5859	1	2.57	
5860	1	2.56	
5862	1	2.57	
5865	1	2.57	
5867	1	3.51	
5868	1	3.52	
5869	1	3.5	
5870	1	3.51	
5871	1	3.5	
5872	1	3.51	
5873	1	3.51	
5874	1	3.52	
5875	1	3.5	
5876	1	3.49	
5877	1	3.52	
5878	1	3.51	
5879	1	3.51	
5880	1	3.51	
5881	1	3.51	
5882	1	3.5	
5887	1	3.5	
5889	1	3.52	
5890	1	3.5	
5894	1	3.51	
5895	1	3.5	
5896	1	3.51	
5898	1	3.51	
5899	1	3.51	
5901	1	3.51	
5902	1	3.51	
5903	1	3.51	
5904	1	3.5	
5905	1	3.51	
5906	1	3.5	
5907	1	3.5	
5908	2	3.5	
5909	2	3.49	
5910	2	3.5	
5912	2	3.47	
5913	2	3.51	
5914	2	3.49	
5915	2	3.5	
5916	2	3.5	
5917	2	3.5	
5918	2	3.5	
5919	2	3.5	
5920	2	3.51	
5921	2	3.49	
5922	2	3.5	
5923	2	3.49	
5924	2	3.5	
5925	2	3.51	
5926	2	3.5	
5927	2	3.5	
5928	2	3.5	
5930	2	3.51	
5931	2	3.54	
5932	2	3.51	
5933	2	3.5	
5934	2	3.52	
5935	2	3.52	
5936	2	3.49	
5937	2	3.52	
5938	2	3.51	
5939	2	2.06	
5940	2	2.06	
5941	2	2.06	
5943	2	2.05	
5944	2	2.05	
5945	2	2.05	
5946	2	2.04	
5948	2	2.05	
5949	2	2.06	
5950	2	2.06	
5951	2	2.05	
5952	2	2.04	
5963	2	2.04	
5965	2	2.05	
5966	2	2.05	
5969	2	2.06	
5970	2	2.05	
5971	2	2.04	
5972	2	2.05	
5973	2	2.05	
5974	2	2.04	
5975	2	2.04	
5976	2	2.04	
5977	1	2.07	
5978	1	2.05	
5980	1	2.06	
5981	1	2.06	
5982	1	2.06	
5984	1	2.06	
5987	1	2.05	
5988	1	2.06	
5989	1	2.06	
5990	1	2.06	
5991	1	2.06	
5993	1	2.06	
5994	1	2.06	
5996	1	2.06	
5997	1	2.05	
5998	1	2.06	
5999	1	2.06	
6000	1	2.07	
6001	1	2.06	
6002	1	2.05	
6003	1	2.07	
6004	1	2.07	
6005	1	2.07	
6006	1	2.06	
6007	1	2.06	
6008	1	2.06	
