#define NRUNS 770
void print_offsetin_txtfile(){
  ofstream txtfile("offsetrf_allruns.txt",ios::app);
  for(Int_t r = 0; r<NRUNS;r++){
    Int_t runs[NRUNS]     ={6018,6019,6020,6021,6022,6023,6024,6025,6026,6027,6028,6029,6030,6031,6032,6033,6034,6035,6036,6037,6038,6039,6040,6041,6042,6043,6044,6045,6046,6047,6048,6049,6050,6051,6052,6053,6054,6055,6056,6057,6058,6059,6060,6061,6062,6063,6064,6065,6066,6067,6068,6069,6070,6071,6072,6073,6074,6075,6076,6077,6078,6079,6080,6081,6082,6083,6084,6085,6086,6087,6088,6089,6090,6091,6092,6093,6094,6095,6096,6097,6098,6099,6100,6101,6102,6103,6104,6105,6106,6107,6108,6109,6110,6111,6112,6113,6114,6115,6116,6117,6118,6119,6120,6121,6122,6123,6124,6125,6126,6127,6128,6129,6130,6131,6132,6133,6134,6135,6136,6137,6138,6139,6140,6141,6142,6143,6144,6145,6146,6147,6148,6149,6150,6151,6152,6153,6154,6155,6156,6157,6158,6159,6160,6161,6162,6163,6164,6165,6166,6167,6168,6169,6170,6171,6172,6173,6174,6175,6176,6177,6178,6179,6180,6181,6182,6183,6184,6185,6186,6187,6188,6189,6190,6191,6192,6193,6194,6195,6196,6197,6198,6199,6200,6201,6202,6203,6204,6205,6206,6207,6208,6209,6210,6211,6212,6213,6214,6215,6216,6217,6218,6219,6220,6221,6222,6223,6224,6225,6226,6227,6228,6229,6230,6231,6232,6233,6234,6235,6236,6237,6238,6239,6240,6241,6242,6243,6244,6245,6246,6247,6248,6249,6250,6251,6252,6253,6254,6255,6256,6257,6258,6259,6260,6261,6262,6263,6264,6265,6266,6267,6268,6269,6270,6271,6272,6273,6274,6275,6276,6277,6278,6279,6280,6281,6282,6283,6284,6285,6286,6287,6288,6289,6290,6291,6292,6293,6294,6295,6296,6297,6298,6299,6300,6301,6302,6303,6304,6305,6306,6307,6308,6309,6310,6311,6312,6313,6314,6315,6316,6317,6318,6319,6320,6321,6322,6323,6324,6325,6326,6327,6328,6329,6330,6331,6332,6333,6334,6335,6336,6337,6338,6339,6340,6341,6342,6343,6344,6345,6346,6347,6348,6349,6350,6351,6352,6353,6354,6355,6356,6357,6358,6359,6360,6361,6362,6363,6364,6365,6366,6367,6368,6369,6370,6371,6372,6373,6374,6375,6376,6377,6378,6379,6380,6381,6382,6383,6384,6385,6386,6387,6388,6389,6390,6391,6392,6393,6394,6395,6396,6397,6398,6399,6400,6401,6402,6403,6404,6405,6406,6407,6408,6409,6410,6411,6412,6413,6414,6415,6416,6417,6418,6419,6420,6421,6422,6423,6424,6425,6426,6427,6428,6429,6430,6431,6432,6433,6434,6435,6436,6437,6438,6439,6440,6441,6442,6443,6444,6445,6446,6447,6448,6449,6450,6451,6452,6453,6454,6455,6456,6457,6458,6459,6460,6461,6462,6463,6464,6465,6466,6467,6468,6469,6470,6471,6472,6473,6474,6475,6476,6477,6478,6479,6480,6481,6482,6483,6484,6485,6486,6487,6488,6489,6490,6491,6492,6493,6494,6495,6496,6497,6498,6499,6500,6501,6502,6503,6504,6505,6506,6507,6508,6509,6510,6511,6512,6513,6514,6515,6516,6517,6518,6519,6520,6521,6522,6523,6524,6525,6526,6527,6528,6529,6530,6531,6532,6533,6534,6535,6536,6537,6538,6539,6540,6541,6542,6543,6544,6545,6546,6547,6548,6549,6550,6551,6552,7593,7594,7595,7596,7597,7598,7599,7600,7601,7602,7603,7604,7605,7606,7607,7608,7609,7610,7611,7612,7613,7614,7615,7616,7617,7618,7619,7620,7621,7622,7623,7624,7625,7626,7627,7628,7629,7630,7631,7632,7633,7634,7635,7636,7637,7638,7639,7640,7641,7642,7643,7644,7645,7646,7647,7648,7649,7650,7651,7652,7653,7654,7655,7656,7657,7658,7659,7660,7661,7662,7663,7664,7665,7666,7667,7668,7669,7670,7671,7672,7673,7674,7675,7676,7677,7678,7679,7680,7681,7682,7683,7684,7685,7686,7687,7688,7689,7690,7691,7692,7693,7694,7695,7696,7697,7698,7699,7700,7701,7702,7703,7704,7705,7706,7707,7708,7709,7710,7711,7712,7713,7714,7715,7716,7717,7718,7719,7720,7721,7722,7723,7724,7725,7726,7727,7728,7729,7730,7731,7732,7733,7734,7735,7736,7737,7738,7739,7740,7741,7742,7743,7744,7745,7746,7747,7748,7749,7750,7751,7752,7753,7754,7755,7756,7757,7758,7759,7760,7761,7762,7763,7764,7765,7766,7767,7768,7769,7770,7771,7772,7773,7774,7775,7776,7777,7778,7779,7780,7781,7782,7783,7784,7785,7786,7787,7788,7789,7790,7791,7792,7793,7794,7795,7796,7797,7798,7799,7800,7801,7802,7803,7804,7805,7806,7807,7808,7809,7810,7811,7812,7813,7814,7815,7816,7817,7818,7819,7820};
  
#include "offsetrf.h"
    txtfile<<runs[r]<<"\t\t"<<offsetrf<<endl;

  }
}
