Run	Rate	Curr	charge	Eff	eFF*rf(EFF*0.94)
6018	458	30.30	44.680	0.8521	0.8010
6019	458.9	30.80	50.810	0.8524	0.8013
6020	458.9	30.80	36.860	0.8516	0.8005
6021	458.7	30.80	65.210	0.8520	0.8009
6022	90.3	40.80	67.460	0.8847	0.8316
6023	450.9	50.80	60.450	0.8393	0.7889
6024	393.2	45.80	36.800	0.8476	0.7967
6025	393.7	45.80	47.570	0.8491	0.7982
6026	90.2	40.80	76.680	0.8826	0.8296
6027	157.4	40.80	98.680	0.8774	0.8248
6028	157.4	40.80	39.990	0.8760	0.8234
6029	482.3	18.30	3.820	0.8554	0.8041
6030	435.7	16.30	36.830	0.8592	0.8076
6031	431.2	16.30	27.130	0.8607	0.8091
6032	432.6	16.30	26.870	0.8614	0.8097
6033	487.1	35.80	49.530	0.8454	0.7947
6034	487.4	35.80	48.850	0.8486	0.7977
6035	485.9	35.80	46.410	0.8446	0.7939
6036	486.6	35.80	31.870	0.8491	0.7982
6038	428.2	18.30	59.170	0.8596	0.8080
6039	428.4	18.30	56.000	0.8616	0.8099
6040	428.1	18.30	51.690	0.8599	0.8083
6041	428.4	18.30	35.570	0.8616	0.8099
6042	428.1	18.30	43.190	0.8622	0.8105
6043	472.8	10.30	21.930	0.8616	0.8099
6044	473.5	10.30	31.570	0.8610	0.8093
6045	473.1	10.30	9.010	0.8615	0.8098
6046	273.8	40.80	94.590	0.8713	0.8190
6049	482.2	6.30	3.430	0.8624	0.8107
6050	482.9	6.30	12.990	0.8613	0.8096
6051	483.4	6.30	10.110	0.8637	0.8119
6052	481.7	6.30	19.380	0.8614	0.8097
6053	482.2	6.30	9.190	0.8603	0.8087
6054	558.3	7.30	58.980	0.8566	0.8052
6055	560.6	7.30	12.170	0.8565	0.8051
6056	469.2	40.80	109.930	0.8558	0.8045
6057	469.8	40.80	110.450	0.8554	0.8041
6058	469.4	40.80	84.090	0.8572	0.8058
6059	483.2	12.30	44.780	0.8602	0.8086
6060	483.8	12.30	46.460	0.8590	0.8075
6061	538.8	13.80	48.320	0.8559	0.8045
6062	539.4	13.80	15.020	0.8536	0.8024
6063	539.6	13.80	52.140	0.8565	0.8051
6064	539.9	13.80	47.720	0.8549	0.8036
6065	300.4	50.80	172.330	0.8506	0.7996
6066	310.9	50.80	97.720	0.8447	0.7940
6067	66.6	40.80	109.080	0.8824	0.8295
6068	494.9	45.80	47.820	0.8399	0.7895
6070	492.6	45.80	46.130	0.8368	0.7866
6071	493	45.80	36.010	0.8398	0.7894
6080	100.5	40.80	124.190	0.8799	0.8271
6081	484.9	28.80	12.510	0.8490	0.7981
6082	457.3	49.30	126.130	0.8382	0.7879
6083	451.3	48.80	147.730	0.8378	0.7875
6084	485.9	36.80	122.170	0.8465	0.7957
6085	486.8	36.80	43.870	0.8496	0.7986
6086	489.2	36.80	107.030	0.8454	0.7947
6087	163.9	40.80	150.070	0.8745	0.8220
6088	486.5	16.80	36.810	0.8579	0.8064
6089	487.2	16.80	38.040	0.8561	0.8047
6090	486.8	16.80	36.720	0.8573	0.8059
6091	486.9	9.80	32.450	0.8615	0.8098
6093	481.2	9.80	29.690	0.8619	0.8102
6094	480.4	9.80	3.790	0.8597	0.8081
6095	484.6	9.80	3.580	0.8616	0.8099
6096	486.2	9.80	22.720	0.8584	0.8069
6097	284.9	40.80	17.630	0.8672	0.8152
6098	284.4	40.80	108.470	0.8678	0.8157
6099	440.5	20.30	53.030	0.8598	0.8082
6101	442.4	20.30	41.250	0.8582	0.8067
6102	443.5	20.30	69.900	0.8606	0.8090
6103	442.7	20.30	30.040	0.8573	0.8059
6104	66.3	35.80	59.310	0.8832	0.8302
6105	54.9	30.80	59.400	0.8875	0.8342
6106	55	30.80	34.190	0.8860	0.8328
6109	19.4	30.80	52.500	0.8891	0.8358
6110	19.2	30.80	49.100	0.8923	0.8388
6111	126.6	30.80	28.240	0.8796	0.8268
6112	126.9	30.80	34.980	0.8819	0.8290
6114	127.2	30.80	11.590	0.8818	0.8289
6115	270.7	35.80	53.440	0.8698	0.8176
6116	232.6	30.80	35.100	0.8722	0.8199
6117	122.1	35.80	61.890	0.8815	0.8286
6118	144	40.80	77.590	0.8773	0.8247
6119	45.1	40.80	56.370	0.8860	0.8328
6120	45	40.80	38.060	0.8872	0.8340
6121	149.8	40.80	28.120	0.8734	0.8210
6122	409.4	51.30	96.110	0.8362	0.7860
6123	375.1	50.80	134.190	0.8545	0.8032
6124	481.5	34.30	80.500	0.8544	0.8031
6125	484.1	34.80	74.290	0.8522	0.8011
6126	362	51.30	33.080	0.8563	0.8049
6127	81.3	40.80	35.910	0.8846	0.8315
6128	81.1	40.80	81.280	0.8866	0.8334
6129	146.9	40.80	18.820	0.8836	0.8306
6130	146.8	40.80	22.350	0.8810	0.8281
6132	146.6	40.80	43.780	0.8804	0.8276
6133	18.9	5.30	8.980	0.8889	0.8356
6135	36.5	10.30	18.130	0.8968	0.8430
6136	482.8	18.30	45.060	0.8591	0.8076
6137	482.5	18.30	45.520	0.8593	0.8077
6138	482.4	18.30	40.670	0.8609	0.8092
6139	462.3	40.80	98.990	0.8550	0.8037
6140	483.6	43.30	86.930	0.8503	0.7993
6141	484	43.30	95.770	0.8500	0.7990
6142	215.2	50.80	20.960	0.8648	0.8129
6144	221	50.80	85.220	0.8674	0.8154
6145	418.5	51.30	40.930	0.8521	0.8010
6146	418.8	51.30	8.150	0.8539	0.8027
6154	182.4	21.30	37.500	0.8790	0.8263
6155	29.8	20.80	2.210	0.8954	0.8417
6163	328.9	57.70	48.620	0.8556	0.8043
6164	340.5	37.60	8.860	0.8600	0.8084
6166	232.1	54.90	7.940	0.8666	0.8146
6168	54.5	35.80	60.850	0.8857	0.8326
6169	57.7	40.80	4.770	0.8895	0.8361
6170	408.2	25.30	37.120	0.8611	0.8094
6171	408.2	25.30	30.530	0.8641	0.8123
6172	107.2	40.80	40.480	0.8841	0.8311
6174	456.1	56.30	45.140	0.8509	0.7998
6175	455.7	56.30	37.440	0.8482	0.7973
6177	477	30.80	51.190	0.8553	0.8040
6178	476.8	30.80	55.830	0.8546	0.8033
6179	464	15.30	33.960	0.8616	0.8099
6180	464.6	15.30	30.490	0.8602	0.8086
6181	196.7	40.80	29.860	0.8707	0.8185
6182	196.6	40.80	34.870	0.8792	0.8264
6183	315.3	40.80	56.770	0.8668	0.8148
6184	346.7	40.80	24.000	0.8671	0.8151
6185	506.8	9.30	18.720	0.8606	0.8090
6186	500.7	9.30	26.920	0.8615	0.8098
6187	502.9	9.30	26.410	0.8606	0.8090
6188	493.6	17.30	40.110	0.8586	0.8071
6189	492.9	17.30	39.330	0.8598	0.8082
6190	493.5	17.30	37.930	0.8580	0.8065
6192	265.3	61.80	72.590	0.8585	0.8070
6193	265.5	61.80	77.480	0.8566	0.8052
6194	390.8	46.30	52.580	0.8523	0.8012
6195	390.2	46.30	56.870	0.8506	0.7996
6196	55	40.80	98.460	0.8846	0.8315
6197	103.8	41.30	91.190	0.8814	0.8285
6198	497.2	30.80	52.880	0.8515	0.8004
6199	497.6	30.80	56.810	0.8516	0.8005
6200	461.6	56.30	94.350	0.8473	0.7965
6201	461.7	56.30	92.840	0.8465	0.7957
6202	480.9	30.80	90.740	0.8535	0.8023
6203	481.4	30.80	89.120	0.8519	0.8008
6204	480.9	30.80	53.820	0.8516	0.8005
6205	475	15.30	48.850	0.8586	0.8071
6208	480.6	15.30	14.770	0.8605	0.8089
6209	476.1	15.30	60.830	0.8596	0.8080
6210	475.6	15.30	25.840	0.8570	0.8056
6211	193	41.30	63.450	0.8774	0.8248
6212	192.6	41.30	144.100	0.8736	0.8212
6213	349.6	41.30	83.760	0.8635	0.8117
6214	349.7	41.30	70.960	0.8623	0.8106
6215	470.7	8.30	9.920	0.8649	0.8130
6216	470.5	8.30	39.740	0.8629	0.8111
6217	470.9	8.30	11.980	0.8620	0.8103
6219	469.4	8.30	42.120	0.8617	0.8100
6220	469.5	8.30	36.390	0.8612	0.8095
6221	507.1	17.30	20.690	0.8533	0.8021
6222	506.5	17.30	51.910	0.8565	0.8051
6223	506.1	17.30	59.320	0.8565	0.8051
6224	506.6	17.30	56.870	0.8571	0.8057
6225	505.4	17.30	22.390	0.8564	0.8050
6237	128.5	55.80	79.100	0.8664	0.8144
6240	128.7	55.80	143.640	0.8679	0.8158
6241	128.7	55.80	111.500	0.8692	0.8170
6242	32.5	40.80	78.360	0.8879	0.8346
6243	32.5	40.80	64.160	0.8867	0.8335
6244	32.5	40.80	50.440	0.8859	0.8327
6245	321.5	61.30	81.780	0.8501	0.7991
6246	320.9	61.30	38.420	0.8529	0.8017
6247	320.8	61.30	66.300	0.8511	0.8000
6248	505.3	55.80	52.890	0.8392	0.7888
6249	506.1	56.30	67.840	0.8387	0.7884
6250	506	56.30	77.080	0.8387	0.7884
6251	54.2	40.80	93.640	0.8862	0.8330
6252	54.1	40.80	78.670	0.8866	0.8334
6253	240	61.30	119.850	0.8611	0.8094
6254	240.3	61.30	113.110	0.8572	0.8058
6255	240	61.30	122.360	0.8594	0.8078
6256	436.4	61.30	93.920	0.8473	0.7965
6257	436.5	61.30	205.800	0.8447	0.7940
6258	436	61.30	42.420	0.8458	0.7951
6259	436.4	61.30	138.600	0.8452	0.7945
6260	437.9	61.30	46.990	0.8476	0.7967
6261	95.4	40.80	140.780	0.8836	0.8306
6262	95.2	40.80	111.260	0.8838	0.8308
6263	509.3	30.30	45.040	0.8495	0.7985
6264	509.6	30.30	40.950	0.8495	0.7985
6265	511.3	30.80	40.580	0.8502	0.7992
6266	512.1	30.80	80.100	0.8498	0.7988
6267	512.4	30.80	55.330	0.8507	0.7997
6270	517	16.30	47.930	0.8568	0.8054
6271	516.6	16.30	75.100	0.8566	0.8052
6272	515.6	16.30	71.490	0.8564	0.8050
6273	518	16.30	32.680	0.8552	0.8039
6274	174.5	40.80	44.330	0.8779	0.8252
6275	174.4	40.80	72.500	0.8784	0.8257
6276	174.5	40.80	56.610	0.8781	0.8254
6281	483	35.80	110.060	0.8528	0.8016
6282	483	35.80	92.680	0.8524	0.8013
6284	483.3	35.80	138.790	0.8519	0.8008
6285	65.1	61.30	41.500	0.8772	0.8246
6286	75.9	71.80	195.230	0.8712	0.8189
6287	76.2	71.80	119.640	0.8719	0.8196
6288	16.2	40.80	149.750	0.8916	0.8381
6289	16.2	40.80	152.900	0.8871	0.8339
6290	182.1	71.80	125.880	0.8614	0.8097
6291	182.2	71.80	62.110	0.8622	0.8105
6292	347.2	71.80	111.140	0.8499	0.7989
6293	347.4	71.80	73.980	0.8492	0.7982
6294	29.9	40.80	54.640	0.8879	0.8346
6295	29.9	40.80	114.980	0.8910	0.8375
6296	29.7	40.80	107.380	0.8871	0.8339
6297	124.8	61.30	146.270	0.8715	0.8192
6298	124.6	61.30	60.920	0.8731	0.8207
6299	124.2	61.30	131.220	0.8728	0.8204
6300	250.8	61.30	119.010	0.8620	0.8103
6301	290.9	71.80	193.680	0.8569	0.8055
6302	290.8	71.80	189.210	0.8553	0.8040
6304	56.9	40.80	110.400	0.8864	0.8332
6305	56.9	40.80	152.980	0.8884	0.8351
6306	491.3	50.80	39.070	0.8472	0.7964
6307	491.8	51.30	154.230	0.8485	0.7976
6308	491.9	51.30	110.330	0.8461	0.7953
6309	377	71.80	94.180	0.8493	0.7983
6310	377.9	71.80	33.420	0.8492	0.7982
6311	39	40.80	38.300	0.8884	0.8351
6312	39	40.80	62.530	0.8907	0.8373
6313	191.3	71.80	80.970	0.8645	0.8126
6314	191.4	71.80	77.070	0.8633	0.8115
6315	396.4	71.80	82.360	0.8477	0.7968
6316	396.9	71.80	81.350	0.8496	0.7986
6317	77.3	40.80	75.220	0.8872	0.8340
6318	77.2	40.80	88.770	0.8829	0.8299
6322	500.5	45.80	66.980	0.8488	0.7979
6323	500.4	45.80	49.090	0.8512	0.8001
6325	455.1	20.30	54.870	0.8591	0.8076
6326	455.4	20.30	43.690	0.8592	0.8076
6327	454.9	20.30	35.400	0.8633	0.8115
6328	150	40.80	58.750	0.8778	0.8251
6329	149.9	40.80	98.390	0.8817	0.8288
6331	501.2	43.80	158.630	0.8501	0.7991
6332	501.1	43.80	83.770	0.8497	0.7987
6334	483.2	21.30	58.390	0.8577	0.8062
6335	483.4	21.30	64.810	0.8584	0.8069
6336	482.8	21.30	69.250	0.8597	0.8081
6337	484.1	21.30	57.620	0.8591	0.8076
6338	483.5	21.30	65.120	0.8594	0.8078
6339	487.9	11.30	3.850	0.8573	0.8059
6340	484.6	11.30	33.580	0.8593	0.8077
6341	487.7	11.30	46.390	0.8609	0.8092
6342	488.7	11.30	53.000	0.8621	0.8104
6343	489.2	11.30	43.870	0.8619	0.8102
6344	489.4	11.30	13.430	0.8626	0.8108
6345	280.9	40.80	139.990	0.8709	0.8186
6346	280.8	40.80	32.120	0.8701	0.8179
6347	490.2	11.30	15.750	0.8612	0.8095
6348	477.3	24.80	61.640	0.8579	0.8064
6349	477.6	24.30	77.020	0.8595	0.8079
6350	476.9	24.30	73.720	0.8574	0.8060
6351	476.8	24.30	44.470	0.8591	0.8076
6352	108.9	40.80	68.180	0.8810	0.8281
6353	108.8	40.80	68.280	0.8797	0.8269
6354	108.3	40.80	150.480	0.8840	0.8310
6355	457.4	55.80	137.070	0.8505	0.7995
6356	496.8	60.80	205.480	0.8452	0.7945
6357	496.8	60.80	162.970	0.8457	0.7950
6358	496.9	60.80	93.000	0.8444	0.7937
6359	141.5	71.30	141.950	0.8672	0.8152
6360	141.7	71.30	103.240	0.8658	0.8139
6363	12.9	40.80	28.470	0.8880	0.8347
6364	12.7	40.80	75.000	0.8902	0.8368
6365	12.9	40.80	71.960	0.8937	0.8401
6367	279.2	71.80	85.300	0.8575	0.8061
6368	279.1	71.80	84.140	0.8576	0.8061
6370	279.1	71.80	70.730	0.8548	0.8035
6371	24.3	40.80	85.900	0.8896	0.8362
6372	24.4	40.80	99.510	0.8892	0.8358
6373	47.3	40.80	124.840	0.8895	0.8361
6374	47.2	40.80	53.350	0.8823	0.8294
6375	482.6	60.80	95.990	0.8443	0.7936
6376	482.9	61.30	148.620	0.8460	0.7952
6377	483.2	61.30	64.830	0.8465	0.7957
6378	450.7	27.30	86.040	0.8586	0.8071
6379	451.1	27.30	87.110	0.8597	0.8081
6380	452.5	27.80	95.320	0.8591	0.8076
6381	452.6	27.80	18.530	0.8618	0.8101
6382	92	40.80	74.860	0.8851	0.8320
6383	92.3	40.80	109.160	0.8843	0.8312
6385	34.8	40.30	79.780	0.8890	0.8357
6386	35.2	40.80	29.910	0.8878	0.8345
6387	326.6	71.30	129.470	0.8541	0.8029
6388	326.6	71.30	106.000	0.8529	0.8017
6389	35.4	40.30	64.120	0.8898	0.8364
6390	71.2	40.80	59.620	0.8877	0.8344
6391	71.2	40.80	40.480	0.8832	0.8302
6393	510.4	52.80	18.890	0.8492	0.7982
6394	511.4	52.80	56.860	0.8460	0.7952
6395	511.5	52.80	71.900	0.8481	0.7972
6396	511.8	52.80	20.910	0.8474	0.7966
6397	327.3	71.80	43.520	0.8564	0.8050
6398	327.1	71.30	70.760	0.8560	0.8046
6399	512	25.30	15.570	0.8532	0.8020
6400	511.5	25.30	7.260	0.8522	0.8011
6401	511.6	25.30	3.660	0.8518	0.8007
6402	511.3	25.30	55.290	0.8571	0.8057
6403	511.9	25.30	64.670	0.8545	0.8032
6404	511.6	25.30	49.710	0.8553	0.8040
6405	140.9	40.80	61.190	0.8811	0.8282
6406	140.9	40.80	54.820	0.8820	0.8291
6407	265.1	40.80	55.070	0.8734	0.8210
6408	265	40.80	74.970	0.8738	0.8214
6410	483	12.30	8.400	0.8597	0.8081
6411	481	12.30	40.460	0.8632	0.8114
6412	481.5	12.30	30.290	0.8614	0.8097
6413	519.8	13.30	32.300	0.8581	0.8066
6415	520.5	13.30	43.200	0.8597	0.8081
6416	519.4	13.30	33.160	0.8590	0.8075
6417	522.7	13.30	25.420	0.8572	0.8058
6419	466.2	71.80	103.820	0.8374	0.7872
6421	466.7	71.80	80.450	0.8405	0.7901
6422	466.2	71.80	56.140	0.8401	0.7897
6423	44.4	40.80	25.520	0.8880	0.8347
6425	44.4	40.80	55.030	0.8865	0.8333
6426	44.4	40.80	31.590	0.8847	0.8316
6427	86.6	40.80	54.270	0.8876	0.8343
6428	86.4	40.80	60.910	0.8832	0.8302
6429	530.1	40.80	44.690	0.8459	0.7951
6430	530.3	40.80	67.290	0.8457	0.7950
6431	530.4	40.80	34.850	0.8443	0.7936
6432	401.4	30.80	63.320	0.8589	0.8074
6433	269.7	20.30	60.520	0.8734	0.8210
6434	525.6	20.30	63.850	0.8536	0.8024
6435	475.2	18.30	62.540	0.8593	0.8077
6436	475.4	18.30	37.880	0.8575	0.8061
6439	165.7	40.80	46.280	0.8761	0.8235
6440	166.1	41.30	54.720	0.8776	0.8249
6441	308	40.80	49.600	0.8684	0.8163
6442	308	40.80	66.890	0.8677	0.8156
6443	478.2	9.80	29.780	0.8625	0.8108
6444	482.4	9.80	33.110	0.8624	0.8107
6445	480.3	9.80	31.270	0.8625	0.8108
6446	482	9.80	28.440	0.8613	0.8096
6447	481.4	9.80	28.790	0.8613	0.8096
6448	480.8	9.80	32.320	0.8643	0.8124
6451	230.5	61.30	65.140	0.8584	0.8069
6452	230.6	61.80	76.680	0.8584	0.8069
6453	230.6	61.80	78.920	0.8591	0.8076
6454	23.7	41.30	152.640	0.8876	0.8343
6455	23.3	40.80	35.530	0.8920	0.8385
6456	41.1	41.30	106.360	0.8876	0.8343
6459	447.7	66.80	113.920	0.8401	0.7897
6460	446.4	66.80	10.090	0.8391	0.7888
6461	380.3	56.30	120.700	0.8506	0.7996
6462	333	49.30	109.020	0.8572	0.8058
6463	243.8	35.80	13.130	0.8666	0.8146
6464	243.3	35.80	94.280	0.8676	0.8155
6465	489.9	37.80	116.030	0.8489	0.7980
6466	489.8	37.80	98.420	0.8487	0.7978
6467	490.1	37.80	73.470	0.8500	0.7990
6468	75	40.80	63.730	0.8866	0.8334
6469	74.9	40.80	17.730	0.8892	0.8358
6470	74.9	40.80	73.260	0.8840	0.8310
6471	140.2	40.80	61.460	0.8803	0.8275
6472	140.3	40.80	80.080	0.8813	0.8284
6473	493.1	19.30	36.770	0.8568	0.8054
6474	492	19.30	7.360	0.8576	0.8061
6475	492.6	19.30	48.900	0.8577	0.8062
6476	493.5	19.30	48.780	0.8594	0.8078
6477	492.7	19.30	48.720	0.8582	0.8067
6478	492.9	19.30	48.980	0.8573	0.8059
6479	493.1	19.30	44.600	0.8567	0.8053
6486	191.8	61.30	103.000	0.8658	0.8139
6487	19.6	40.80	56.470	0.8911	0.8376
6488	35.7	40.80	49.390	0.8888	0.8355
6489	359.8	61.30	86.300	0.8569	0.8055
6490	485.2	42.80	72.660	0.8504	0.7994
6491	484.3	42.80	17.670	0.8554	0.8041
6493	484.3	42.80	72.980	0.8510	0.7999
6494	66	40.80	62.430	0.8872	0.8340
6495	121.4	40.80	70.060	0.8848	0.8317
6496	447.9	20.30	23.300	0.8616	0.8099
6497	449.3	20.30	59.770	0.8606	0.8090
6498	451.3	20.30	47.950	0.8621	0.8104
6499	449.7	20.30	36.750	0.8625	0.8108
6500	425.1	61.30	32.480	0.8490	0.7981
6501	460.1	66.30	40.720	0.8443	0.7936
6502	50.7	40.80	70.280	0.8880	0.8347
6503	96.3	40.80	44.880	0.8842	0.8311
6504	96.7	40.80	21.600	0.8855	0.8324
6506	489	35.80	22.160	0.8531	0.8019
6507	490	35.80	90.510	0.8513	0.8002
6509	490.9	18.30	43.840	0.8603	0.8087
6510	490.8	18.30	29.200	0.8614	0.8097
6512	179.2	40.80	43.470	0.8790	0.8263
6513	317.8	40.80	42.230	0.8751	0.8226
6514	493.1	10.30	16.260	0.8633	0.8115
6515	497.6	10.30	31.200	0.8621	0.8104
6516	499.4	10.30	12.020	0.8618	0.8101
6517	497.8	10.30	31.400	0.8613	0.8096
6518	426.2	61.30	24.970	0.8464	0.7956
6519	462.1	66.30	121.510	0.8390	0.7887
6520	461.5	66.30	51.460	0.8385	0.7882
6521	45.1	40.80	102.310	0.8862	0.8330
6522	28.2	40.80	86.110	0.8888	0.8355
6523	28.2	40.80	108.370	0.8909	0.8374
6524	299	66.30	145.370	0.8503	0.7993
6525	298.6	66.30	118.810	0.8518	0.8007
6526	299	66.30	101.490	0.8477	0.7968
6527	475.6	61.30	77.710	0.8375	0.7873
6528	475.4	61.30	184.860	0.8382	0.7879
6529	475.4	61.30	128.800	0.8391	0.7888
6531	46.9	40.80	127.820	0.8874	0.8342
6532	47	40.80	57.950	0.8848	0.8317
6533	87.5	40.80	66.650	0.8837	0.8307
6534	87.8	40.80	45.900	0.8855	0.8324
6535	489.2	35.80	111.170	0.8501	0.7991
6536	488.9	35.80	100.530	0.8480	0.7971
6537	485.2	45.80	61.390	0.8457	0.7950
6538	68.3	40.80	36.070	0.8872	0.8340
6539	124.5	40.80	35.420	0.8808	0.8280
6541	503.2	25.30	55.780	0.8546	0.8033
6542	481.1	13.30	30.790	0.8588	0.8073
6543	478.8	13.30	44.500	0.8609	0.8092
6544	220.5	40.80	45.500	0.8729	0.8205
6545	438.3	70.30	108.940	0.8389	0.7886
6546	37.4	39.80	50.940	0.8880	0.8347
6547	62	39.80	53.510	0.8865	0.8333
6548	482.6	44.80	45.370	0.8443	0.7936
6549	481.9	44.80	62.200	0.8443	0.7936
6550	482.6	24.80	63.210	0.8555	0.8042
6551	491.6	24.80	57.130	0.8529	0.8017
6552	109.9	40.80	67.060	0.8841	0.8311
7593	91.9	51.30	81.490	0.8730	0.8206
7594	91.7	51.30	184.410	0.8740	0.8216
7595	91.6	51.30	100.760	0.8747	0.8222
7596	91.7	51.30	53.900	0.8722	0.8199
7597	91.7	51.30	127.390	0.8713	0.8190
7599	11.6	40.80	6.130	0.8945	0.8408
7600	11.6	40.80	17.430	0.8930	0.8394
7601	11.7	40.80	34.310	0.8878	0.8345
7602	11.6	40.80	102.250	0.8885	0.8352
7603	11.7	41.30	113.050	0.8891	0.8358
7604	11.7	41.30	49.940	0.8895	0.8361
7605	22.1	41.30	135.310	0.8887	0.8354
7606	22	41.30	117.600	0.8871	0.8339
7607	22.1	41.30	47.310	0.8932	0.8396
7608	182.3	51.30	178.480	0.8653	0.8134
7609	182.3	51.30	180.360	0.8667	0.8147
7610	180	51.80	111.210	0.8646	0.8127
7611	372	51.30	158.050	0.8465	0.7957
7612	372.3	51.30	128.030	0.8476	0.7967
7613	372.4	51.30	168.680	0.8448	0.7941
7614	372.5	51.30	165.750	0.8455	0.7948
7615	373.2	51.80	173.170	0.8465	0.7957
7616	372.2	51.30	55.720	0.8474	0.7966
7617	43.6	41.30	138.960	0.8878	0.8345
7618	43.5	41.30	151.240	0.8867	0.8335
7619	43.5	41.30	106.410	0.8899	0.8365
7620	86.4	41.30	56.040	0.8806	0.8278
7621	86.6	41.30	39.070	0.8854	0.8323
7622	86.7	41.30	140.900	0.8830	0.8300
7623	86.8	41.30	141.550	0.8864	0.8332
7625	498.7	32.80	107.560	0.8441	0.7935
7626	498.8	32.80	116.700	0.8401	0.7897
7627	498.6	32.80	87.800	0.8405	0.7901
7628	499	32.80	103.330	0.8427	0.7921
7629	498.9	32.80	97.350	0.8385	0.7882
7630	498.7	32.80	109.190	0.8387	0.7884
7631	498.7	32.80	113.470	0.8411	0.7906
7632	498.6	32.80	115.550	0.8403	0.7899
7633	498.7	32.80	106.610	0.8413	0.7908
7634	498.5	32.80	120.890	0.8400	0.7896
7635	101.2	25.80	80.140	0.8819	0.8290
7636	100.9	25.30	89.150	0.8835	0.8305
7637	100.7	25.30	29.580	0.8838	0.8308
7638	29.9	40.80	101.190	0.8907	0.8373
7639	29.9	40.80	34.920	0.8925	0.8389
7640	61.6	40.80	52.370	0.8825	0.8295
7641	61.2	40.80	102.730	0.8880	0.8347
7642	190.9	22.30	79.520	0.8729	0.8205
7643	190.5	22.30	69.380	0.8752	0.8227
7644	190.3	22.30	80.870	0.8733	0.8209
7645	189.7	22.30	35.390	0.8759	0.8233
7646	363.6	20.30	64.050	0.8567	0.8053
7647	363.3	20.30	66.730	0.8587	0.8072
7648	364	20.30	71.280	0.8614	0.8097
7649	364.6	20.30	65.880	0.8581	0.8066
7650	364.9	20.30	69.650	0.8576	0.8061
7651	418.3	23.30	77.120	0.8526	0.8014
7652	436.8	24.30	79.560	0.8479	0.7970
7654	124	40.80	128.820	0.8777	0.8250
7655	124	40.80	112.800	0.8820	0.8291
7657	241.6	40.80	124.890	0.8702	0.8180
7658	241.6	40.80	126.540	0.8693	0.8171
7659	241.6	40.80	28.910	0.8676	0.8155
7660	241.1	40.80	59.350	0.8717	0.8194
7661	496.9	13.80	48.760	0.8479	0.7970
7662	495.7	13.80	47.730	0.8505	0.7995
7663	496.5	13.80	50.390	0.8481	0.7972
7666	495.1	13.80	19.430	0.8535	0.8023
7667	495.1	13.80	27.440	0.8484	0.7975
7668	479.6	13.30	45.920	0.8499	0.7989
7669	481.7	13.30	46.780	0.8486	0.7977
7670	481.9	13.30	43.540	0.8539	0.8027
7671	440.9	51.30	151.450	0.8328	0.7828
7672	441.2	51.30	177.750	0.8325	0.7826
7673	52.1	41.30	129.580	0.8872	0.8340
7674	52.1	41.30	60.130	0.8783	0.8256
7675	90.7	41.30	110.230	0.8794	0.8266
7676	90.7	41.30	132.040	0.8797	0.8269
7677	90.7	41.30	57.440	0.8773	0.8247
7678	102.6	6.80	2.810	0.8947	0.8410
7679	501.5	31.80	110.530	0.8366	0.7864
7680	501.5	31.80	101.430	0.8374	0.7872
7681	501.6	31.80	105.180	0.8350	0.7849
7682	500.7	31.80	105.390	0.8372	0.7870
7684	521	17.30	57.230	0.8415	0.7910
7685	513.9	17.30	56.500	0.8428	0.7922
7686	514.5	17.30	56.160	0.8424	0.7919
7687	514.4	17.30	59.410	0.8433	0.7927
7688	514.8	17.30	47.830	0.8435	0.7929
7689	520.8	17.30	68.830	0.8425	0.7919
7690	517.9	17.30	24.850	0.8424	0.7919
7692	515.8	17.30	30.000	0.8422	0.7917
7694	166.5	41.30	188.790	0.8743	0.8218
7695	166.8	41.30	128.790	0.8716	0.8193
7697	93.8	41.30	64.420	0.8803	0.8275
7698	93.9	41.30	75.760	0.8811	0.8282
7699	456.7	30.80	107.340	0.8430	0.7924
7702	456.8	30.80	103.990	0.8414	0.7909
7703	458.4	30.80	15.360	0.8399	0.7895
7706	498.8	17.30	61.910	0.8429	0.7923
7707	498.5	17.30	53.790	0.8460	0.7952
7708	498.8	17.30	57.230	0.8451	0.7944
7709	498.7	17.30	59.880	0.8414	0.7909
7710	499.3	17.30	30.320	0.8481	0.7972
7711	175.6	40.80	114.130	0.8701	0.8179
7712	175.5	40.80	57.980	0.8718	0.8195
7713	324	40.80	37.980	0.8544	0.8031
7714	323.5	40.80	39.390	0.8452	0.7945
7715	322.7	40.80	101.210	0.8573	0.8059
7716	485.8	8.80	32.140	0.8498	0.7988
7717	484.3	8.80	34.120	0.8469	0.7961
7718	483.5	8.80	37.860	0.8459	0.7951
7719	483.9	8.80	30.860	0.8473	0.7965
7720	486.2	8.80	31.910	0.8483	0.7974
7721	492.4	9.30	35.440	0.8501	0.7991
7722	496.8	9.30	30.900	0.8442	0.7935
7723	21.2	51.80	106.850	0.8786	0.8259
7724	46.4	51.80	102.730	0.8772	0.8246
7725	6.1	41.30	52.490	0.8934	0.8398
7727	20.6	41.30	144.600	0.8864	0.8332
7728	20.7	41.30	97.040	0.8909	0.8374
7729	70.6	51.80	34.140	0.8765	0.8239
7730	70.7	51.80	157.650	0.8739	0.8215
7733	70	51.30	119.470	0.8748	0.8223
7735	165.8	50.80	154.860	0.8652	0.8133
7736	165.5	50.80	177.680	0.8670	0.8150
7737	323.3	50.80	144.500	0.8517	0.8006
7738	325.9	51.30	154.650	0.8490	0.7981
7739	323.2	50.80	16.700	0.8469	0.7961
7740	322.4	50.80	180.570	0.8488	0.7979
7741	135.7	50.80	161.020	0.8719	0.8196
7742	110	41.30	23.710	0.8758	0.8233
7743	136.7	51.30	138.480	0.7593	0.7137
7747	37.9	40.30	64.810	0.8831	0.8301
7748	37.7	40.30	153.360	0.8895	0.8361
7749	37.6	40.30	47.360	0.8890	0.8357
7750	72.7	40.30	42.310	0.8811	0.8282
7751	73	40.30	138.710	0.8813	0.8284
7752	73.1	40.30	160.070	0.8815	0.8286
7753	278.3	50.80	47.060	0.8517	0.8006
7754	278.5	50.80	176.010	0.8559	0.8045
7755	278.8	50.80	88.560	0.8562	0.8048
7757	483.4	37.80	142.420	0.8413	0.7908
7758	483.4	37.80	178.340	0.8400	0.7896
7759	483.3	37.80	138.530	0.8390	0.7887
7760	57.6	50.80	110.330	0.8762	0.8236
7762	8.5	40.80	50.130	0.8921	0.8386
7763	28.1	50.80	98.790	0.8834	0.8304
7765	69.3	20.30	64.850	0.8869	0.8337
7766	68.1	19.80	57.620	0.8869	0.8337
7768	120.5	17.80	65.030	0.8815	0.8286
7769	120.3	17.80	43.230	0.8822	0.8293
7770	120.1	17.80	30.360	0.8822	0.8293
7771	119.9	17.80	34.260	0.8814	0.8285
7772	45.7	39.80	123.950	0.8857	0.8326
7773	91.9	39.30	115.120	0.8823	0.8294
7774	92.7	39.80	66.940	0.8789	0.8262
7775	324.9	23.30	82.640	0.8596	0.8080
7776	325.3	23.30	74.060	0.8614	0.8097
7777	325.7	23.30	85.420	0.8587	0.8072
7778	146.1	20.30	66.640	0.8801	0.8273
7779	146.2	20.30	64.830	0.8794	0.8266
7781	286.3	19.30	58.710	0.8695	0.8173
7782	286.2	19.30	76.540	0.8660	0.8140
7783	489.3	17.30	55.780	0.8468	0.7960
7784	489.4	17.30	58.750	0.8518	0.8007
7785	491.1	17.30	61.100	0.8482	0.7973
7786	493.5	17.30	56.990	0.8437	0.7931
7787	495	17.30	37.750	0.8457	0.7950
7790	187.3	40.80	87.440	0.8745	0.8220
7791	186.9	40.80	15.800	0.8757	0.8232
7792	187	40.80	66.440	0.8750	0.8225
7793	27.3	40.80	103.260	0.8839	0.8309
7794	27.3	40.80	101.410	0.8816	0.8287
7796	224.6	51.30	153.030	0.8589	0.8074
7797	224.6	51.30	143.900	0.8570	0.8056
7798	418.9	51.30	152.920	0.8390	0.7887
7799	418.7	51.30	148.320	0.8388	0.7885
7800	212	25.80	81.940	0.8677	0.8156
7801	48.8	40.80	118.890	0.8857	0.8326
7802	48.8	40.80	90.300	0.8844	0.8313
7803	91.6	40.80	84.500	0.8827	0.8297
7804	91.8	41.30	85.360	0.8779	0.8252
7805	496.9	30.80	100.660	0.8391	0.7888
7806	497	30.80	119.870	0.8424	0.7919
7807	497	30.80	61.090	0.8417	0.7912
7808	226.5	27.80	89.690	0.8639	0.8121
7809	226.5	27.80	78.700	0.8648	0.8129
7811	54.9	41.30	105.960	0.8826	0.8296
7812	107.9	41.30	118.140	0.8780	0.8253
7813	421.7	25.80	73.580	0.8477	0.7968
7814	421.7	25.80	97.110	0.8485	0.7976
7815	487.1	14.80	51.700	0.8503	0.7993
7816	487	14.80	55.450	0.8463	0.7955
7817	486.9	14.80	63.470	0.8470	0.7962
7819	207.7	40.80	50.780	0.8723	0.8200
7820	207.7	41.30	110.750	0.8690	0.8169
5405	10.4623	39.75	39.199	0.8910	0.8375
5406	46.82	61.41	60.684	0.8711	0.8188
5407	47.9504	62.87	67.730	0.8700	0.8178
5408	47.3117	62.02	60.928	0.8702	0.8180
5409	259.135	60.42	43.528	0.8523	0.8012
5410	261.267	60.93	53.683	0.8511	0.8000
5411	266.473	62.18	77.409	0.8544	0.8031
5413	55.2341	39.12	46.461	0.8859	0.8327
5414	53.0079	37.52	37.255	0.8874	0.8342
5415	485.517	58.44	95.880	0.8311	0.7812
5434	218.455	25.55	31.669	0.8691	0.8170
5435	374.653	44.58	52.433	0.8489	0.7980
5436	448.899	53.90	33.277	0.8372	0.7870
5437	755.935	50.25	36.161	0.8110	0.7623
5438	493.229	31.94	39.265	0.8420	0.7915
5439	504.417	32.68	42.940	0.8429	0.7923
5440	495.87	32.11	33.724	0.8419	0.7914
5441	94.236	38.53	41.481	0.8846	0.8315
5442	95.0652	38.88	51.188	0.8787	0.8260
5443	95.2339	38.97	22.392	0.8835	0.8305
5444	431.42	54.47	66.720	0.8370	0.7868
5445	407.925	51.51	57.518	0.8418	0.7913
5446	439.835	55.55	35.168	0.8384	0.7881
5447	522.921	36.37	51.998	0.8405	0.7901
5448	505.357	35.05	26.618	0.8398	0.7894
5449	509.12	35.30	39.378	0.8399	0.7895
5451	164.07	38.79	66.483	0.8753	0.8228
5452	169.018	40.01	30.338	0.8775	0.8248
5453	549.502	19.28	21.131	0.8430	0.7924
5454	558.531	19.60	25.094	0.8405	0.7901
5455	559.487	19.63	24.388	0.8405	0.7901
5456	556.607	19.53	22.538	0.8413	0.7908
5457	252.14	56.00	48.654	0.8527	0.8015
5458	254.099	56.45	59.228	0.8547	0.8034
5459	256.622	57.02	52.622	0.8554	0.8041
5460	31.7001	39.15	45.200	0.8854	0.8323
5461	31.6033	39.05	44.519	0.8902	0.8368
5464	108.779	47.48	56.803	0.8742	0.8217
5465	118.218	51.45	62.104	0.8717	0.8194
5466	119.52	51.91	43.486	0.8701	0.8179
5467	66.0793	54.54	109.509	0.8759	0.8233
5468	55.6088	46.00	46.115	0.8800	0.8272
5469	69.4253	57.17	48.573	0.8740	0.8216
5470	14.6583	31.21	36.450	0.8899	0.8365
5471	17.3909	37.08	64.282	0.8903	0.8369
5472	139.19	57.28	47.745	0.8663	0.8143
5473	139.711	57.45	75.294	0.8643	0.8124
5474	142.812	58.67	67.903	0.8661	0.8141
5475	509.13	9.65	7.732	0.8495	0.7985
5476	509.747	9.66	14.293	0.8501	0.7991
5477	511.654	9.70	17.231	0.8495	0.7985
5478	509.314	9.66	15.691	0.8509	0.7998
5479	503.338	9.54	12.863	0.8481	0.7972
5480	276.308	37.51	57.613	0.8629	0.8111
5481	285.767	38.83	19.392	0.8627	0.8109
5483	495.505	18.87	25.932	0.8467	0.7959
5484	505.894	19.28	31.341	0.8464	0.7956
5485	509.901	19.44	33.137	0.8456	0.7949
5486	479.177	9.69	18.420	0.8524	0.8013
5487	479.378	9.70	21.739	0.8511	0.8000
5488	477.461	9.66	22.196	0.8553	0.8040
5491	471.576	31.77	39.812	0.8503	0.7993
5492	474.583	31.99	25.007	0.8495	0.7985
5493	564.119	5.67	13.360	0.8481	0.7972
5494	566.793	5.69	22.699	0.8478	0.7969
5495	564.27	5.67	18.435	0.8493	0.7983
5496	518.801	8.06	24.077	0.8515	0.8004
5497	518.047	8.05	16.776	0.8515	0.8004
5498	515.33	8.00	16.728	0.8522	0.8011
5499	334.163	35.78	55.243	0.8603	0.8087
5500	336.043	35.98	47.553	0.8602	0.8086
5501	530.826	16.53	25.720	0.8480	0.7971
5502	527.55	16.42	37.657	0.8462	0.7954
5504	528.038	16.44	31.827	0.8469	0.7961
5505	576.063	28.08	34.068	0.8396	0.7892
5507	501.351	24.18	30.522	0.8447	0.7940
5508	506.374	24.43	35.725	0.8484	0.7975
5509	238.685	38.72	39.358	0.8698	0.8176
5510	226.31	36.67	38.449	0.8697	0.8175
5511	478.861	11.64	14.313	0.8544	0.8031
5512	477.994	11.62	19.852	0.8552	0.8039
5514	478.213	11.63	19.327	0.8542	0.8029
5515	507.105	19.60	30.403	0.8496	0.7986
5517	508.072	19.63	32.458	0.8493	0.7983
5518	161.813	39.18	43.298	0.8762	0.8236
5519	161.639	39.16	36.942	0.8773	0.8247
5520	514.806	39.03	44.058	0.8414	0.7909
5521	511.43	38.78	43.312	0.8426	0.7920
5522	519.505	39.40	24.048	0.8379	0.7876
5524	463.553	53.84	48.587	0.8433	0.7927
5525	498.8	57.98	60.860	0.8365	0.7863
5527	514.021	59.69	41.130	0.8348	0.7847
5528	108.088	39.07	40.145	0.8814	0.8285
5529	107.404	38.84	36.158	0.8814	0.8285
5530	524.232	32.29	31.368	0.8414	0.7909
5531	520.417	32.05	49.977	0.8441	0.7935
5532	526.065	32.41	44.448	0.8430	0.7924
5534	479.704	46.85	31.286	0.8419	0.7914
5535	482.693	47.15	59.480	0.8415	0.7910
5536	72.5226	39.17	45.974	0.8853	0.8322
5537	72.6072	39.24	26.232	0.8878	0.8345
5538	372.585	65.35	58.770	0.8469	0.7961
5539	375.835	65.51	64.082	0.8454	0.7947
5540	354.543	63.01	58.524	0.8491	0.7982
5542	217.159	61.49	50.535	0.8603	0.8087
5543	229.927	64.88	65.503	0.8610	0.8093
5544	227.99	64.05	43.002	0.8576	0.8061
5546	48.3919	39.18	47.410	0.8858	0.8327
5547	48.0432	38.89	47.051	0.8880	0.8347
5548	409.729	63.39	73.570	0.8438	0.7932
5549	412.856	63.90	70.784	0.8436	0.7930
5550	406.489	62.90	64.745	0.8438	0.7932
5551	261.601	64.28	65.730	0.8582	0.8067
5552	259.228	63.63	73.135	0.8575	0.8061
5553	259.728	63.78	63.660	0.8583	0.8068
5554	32.3024	39.12	44.639	0.8871	0.8339
5555	32.3321	39.17	47.041	0.8917	0.8382
5556	142.118	64.09	61.079	0.8707	0.8185
5557	139.248	62.50	41.007	0.8686	0.8165
5558	138.918	62.93	97.774	0.8711	0.8188
5561	86.4516	63.72	70.194	0.8745	0.8220
5562	86.9507	63.80	58.666	0.8771	0.8245
5563	87.9387	64.19	72.144	0.8745	0.8220
5564	21.5881	38.97	43.515	0.8899	0.8365
5565	21.8606	39.50	40.893	0.8908	0.8374
5566	162.441	64.14	74.302	0.8649	0.8130
5567	154.039	60.86	49.509	0.8685	0.8164
5568	143.631	56.62	43.342	0.8689	0.8168
5569	98.7288	63.86	62.837	0.8712	0.8189
5570	95.9936	62.10	64.526	0.8709	0.8186
5571	96.9511	62.77	27.449	0.8745	0.8220
5573	14.0579	37.96	28.588	0.8897	0.8363
5574	14.2454	38.47	23.255	0.8918	0.8383
5575	14.4168	38.96	24.108	0.8947	0.8410
5576	14.6599	39.61	6.248	0.8935	0.8399
5577	52.827	64.66	84.092	0.8786	0.8259
5578	48.9488	60.49	59.752	0.8803	0.8275
5579	52.3757	64.24	21.782	0.8790	0.8263
5581	30.2077	61.91	51.136	0.8783	0.8256
5582	30.0086	61.02	56.111	0.8802	0.8274
5583	29.2395	58.92	38.582	0.8830	0.8300
5584	9.64173	38.94	45.472	0.8877	0.8344
5585	9.66592	39.09	48.741	0.8944	0.8407
5586	57.8064	62.24	61.583	0.8744	0.8219
5587	57.4015	61.76	54.828	0.8746	0.8221
5588	57.7796	62.21	48.351	0.8751	0.8226
5589	514.325	3.39	10.376	0.8522	0.8011
5590	507.33	3.33	10.402	0.8536	0.8024
5591	510.047	3.35	10.187	0.8544	0.8031
5593	471.384	19.51	24.025	0.8514	0.8003
5594	462.545	19.13	20.409	0.8516	0.8005
5595	488.649	6.72	14.536	0.8547	0.8034
5596	484.411	6.65	14.533	0.8550	0.8037
5597	486.865	6.69	14.517	0.8527	0.8015
5600	492.485	22.44	34.110	0.8484	0.7975
5602	490.389	22.34	33.184	0.8493	0.7983
5603	255.18	39.29	44.864	0.8651	0.8132
5604	248.478	38.25	41.199	0.8694	0.8172
5605	481.84	11.09	22.094	0.8549	0.8036
5607	484.988	11.17	22.233	0.8532	0.8020
5610	491.345	14.60	23.277	0.8520	0.8009
5611	493.534	14.66	26.889	0.8515	0.8004
5612	486.731	14.45	25.255	0.8517	0.8006
5613	380.12	39.10	44.171	0.8546	0.8033
5614	380.527	39.16	41.508	0.8568	0.8054
5615	466.965	6.90	17.745	0.8561	0.8047
5616	465.453	6.87	17.340	0.8577	0.8062
5617	465.338	6.87	17.592	0.8553	0.8040
5618	167.747	58.64	60.270	0.8468	0.7960
5619	170.599	59.61	58.507	0.8491	0.7982
5620	166.479	58.20	34.072	0.8458	0.7951
5621	17.9691	39.10	47.457	0.8806	0.8278
5622	18.0646	39.33	27.481	0.8877	0.8344
5623	78.3842	58.16	66.337	0.8567	0.8053
5624	78.4429	58.55	45.486	0.8555	0.8042
5625	78.2567	58.36	53.601	0.8603	0.8087
5627	35.718	57.35	44.657	0.8624	0.8107
5628	31.613	51.00	43.600	0.8642	0.8123
5630	36.9196	59.37	65.057	0.8644	0.8125
5632	8.40888	39.16	30.273	0.8801	0.8273
5633	8.30519	38.71	30.639	0.8850	0.8319
5634	77.409	58.45	56.178	0.8537	0.8025
5635	78.0414	58.94	56.836	0.8570	0.8056
5636	37.268	29.40	33.231	0.8743	0.8218
5637	4.19584	19.54	12.939	0.8961	0.8423
5639	113.426	58.01	41.860	0.8672	0.8152
5640	115.353	58.92	46.487	0.8662	0.8142
5641	134.884	57.27	46.371	0.8595	0.8079
5643	123.556	59.82	12.049	0.8664	0.8144
5644	120.651	58.62	56.870	0.8631	0.8113
5646	27.2044	39.61	52.905	0.8893	0.8359
5647	27.0465	39.35	17.663	0.8868	0.8336
5648	266.134	58.71	47.299	0.8487	0.7978
5649	264.61	58.32	53.447	0.8475	0.7967
5650	256.698	56.63	48.905	0.8519	0.8008
5651	493.305	56.15	43.721	0.8285	0.7788
5652	518.553	59.09	63.039	0.8274	0.7778
5653	520.667	59.35	34.679	0.8234	0.7740
5654	51.1767	39.09	37.638	0.8865	0.8333
5655	51.9944	39.76	35.269	0.8854	0.8323
5656	234.489	58.31	49.972	0.8534	0.8022
5657	238.611	58.90	51.347	0.8533	0.8021
5658	234.579	57.93	46.014	0.8523	0.8012
5659	361.63	21.91	29.281	0.8524	0.8013
5660	357.302	21.63	24.975	0.8547	0.8034
5663	188.176	36.39	17.471	0.8642	0.8123
5666	206.035	39.89	33.832	0.8649	0.8130
5667	206.02	39.90	30.303	0.8675	0.8155
5668	448.95	12.10	15.106	0.8515	0.8004
5669	449.598	12.12	25.478	0.8520	0.8009
5670	450.345	12.14	22.207	0.8515	0.8004
5671	498.137	28.05	33.082	0.8377	0.7874
5672	506.292	28.52	31.867	0.8410	0.7905
5673	485.601	27.34	32.226	0.8378	0.7875
5674	251.447	13.76	20.261	0.8698	0.8176
5675	100.218	39.24	34.154	0.8788	0.8261
5676	92.6956	36.24	40.863	0.8787	0.8260
5677	293.507	37.16	15.247	0.8478	0.7969
5678	342.796	43.49	42.709	0.8441	0.7935
5679	363.969	46.19	50.298	0.8448	0.7941
5680	194.022	24.35	36.148	0.8717	0.8194
5682	56.5072	57.85	49.323	0.8749	0.8224
5683	58.5365	59.96	50.049	0.8729	0.8205
5684	28.0086	28.97	46.403	0.8857	0.8326
5685	14.69	40.35	43.132	0.8895	0.8361
5686	14.8484	40.82	38.363	0.8891	0.8358
5687	127.608	55.28	52.507	0.8622	0.8105
5688	132.597	57.45	50.594	0.8636	0.8118
5689	68.9787	30.04	45.124	0.8807	0.8279
5690	34.332	29.00	46.782	0.8847	0.8316
5691	66.4731	55.43	51.078	0.8698	0.8176
5692	65.2436	54.40	24.930	0.8702	0.8180
5693	64.4831	53.77	19.329	0.8706	0.8184
5694	7.59062	38.57	50.827	0.8890	0.8357
5695	7.60609	38.66	21.669	0.8886	0.8353
5696	3.78041	19.10	4.185	0.8996	0.8456
5697	22.6566	45.00	46.763	0.8771	0.8245
5698	27.1447	53.89	43.974	0.8762	0.8236
5699	27.9595	55.43	31.538	0.8761	0.8235
5700	13.9614	28.18	11.761	0.8883	0.8350
5701	14.5761	29.40	13.870	0.8856	0.8325
5703	91.3808	50.61	57.969	0.8732	0.8208
5704	95.5482	52.89	57.351	0.8738	0.8214
5705	53.0851	29.45	31.675	0.8874	0.8342
5706	25.3169	38.67	53.669	0.8891	0.8358
5707	13.0533	19.76	24.055	0.8960	0.8422
5708	175.329	40.64	12.327	0.8618	0.8101
5709	128.128	29.48	20.843	0.8785	0.8258
5710	232.728	54.13	43.723	0.8598	0.8082
5711	247.676	57.62	44.677	0.8549	0.8036
5713	413.109	56.33	42.141	0.8416	0.7911
5714	430.229	58.72	34.559	0.8386	0.7883
5715	416.501	56.84	39.549	0.8404	0.7900
5716	222.496	29.71	20.191	0.8686	0.8165
5717	42.9905	39.40	39.143	0.8885	0.8352
5718	43.4108	39.82	29.976	0.8866	0.8334
5719	187.902	59.49	39.702	0.8647	0.8128
5720	183.449	58.07	41.586	0.8641	0.8123
5721	181.875	57.61	52.221	0.8637	0.8119
5722	94.4509	29.93	20.218	0.8822	0.8293
5724	164.981	29.80	20.233	0.8762	0.8236
5725	308.707	56.08	45.146	0.8524	0.8013
5726	319.011	57.91	34.545	0.8523	0.8012
5727	302.178	54.83	40.353	0.8535	0.8023
5728	73.0584	39.97	35.113	0.8854	0.8323
5729	72.741	39.81	35.454	0.8832	0.8302
5730	369.645	28.68	38.449	0.8555	0.8042
5731	370.933	28.78	31.758	0.8578	0.8063
5732	371.078	28.79	30.680	0.8547	0.8034
5733	361.946	15.92	17.529	0.8641	0.8123
5734	364.239	16.02	12.696	0.8597	0.8081
5735	362.139	15.93	25.457	0.8639	0.8121
5736	366.855	16.15	23.652	0.8610	0.8093
5737	124.856	40.42	35.907	0.8792	0.8264
5738	120.38	38.97	36.979	0.8814	0.8285
5739	332.794	34.39	36.283	0.8589	0.8074
5740	340.62	35.21	36.386	0.8587	0.8072
5741	337.101	34.85	33.753	0.8579	0.8064
5743	311.64	17.98	26.863	0.8636	0.8118
5744	310.874	17.92	25.353	0.8659	0.8139
5745	308.699	17.79	26.297	0.8647	0.8128
5746	206.023	37.99	27.413	0.8698	0.8176
5747	199.395	36.78	28.951	0.8748	0.8223
5748	359.955	8.92	18.445	0.8636	0.8118
5749	359.815	8.92	18.389	0.8635	0.8117
5750	360.594	8.94	19.192	0.8653	0.8134
5751	351.985	4.95	17.903	0.8663	0.8143
5752	484.186	6.97	19.850	0.8518	0.8007
5753	539.862	7.81	23.609	0.8485	0.7976
5754	541.013	7.83	9.640	0.8474	0.7966
5756	298.291	9.69	28.965	0.8691	0.8170
5757	286.628	9.31	30.546	0.8695	0.8173
5758	222.878	21.41	63.136	0.8724	0.8201
5759	417.709	21.67	42.824	0.8554	0.8041
5760	468.345	3.95	13.929	0.8562	0.8048
5761	469.621	3.96	12.800	0.8543	0.8030
5762	470.097	3.97	5.361	0.8559	0.8045
5767	461.34	8.95	27.172	0.8530	0.8018
5768	461.581	8.95	20.936	0.8526	0.8014
5773	55.9711	54.46	36.542	0.8791	0.8264
5774	55.7937	54.17	110.376	0.8780	0.8253
5783	123.696	49.33	48.622	0.8703	0.8181
5784	145.82	58.18	64.363	0.8650	0.8131
5785	150.713	60.15	36.314	0.8628	0.8110
5786	15.4289	39.10	36.994	0.8877	0.8344
5787	14.5798	36.95	35.232	0.8919	0.8384
5788	9.37551	39.23	35.923	0.8887	0.8354
5789	9.32633	39.02	35.370	0.8922	0.8387
5790	87.3133	59.79	47.930	0.8714	0.8191
5791	84.1741	57.59	47.597	0.8745	0.8220
5792	82.6068	56.52	47.137	0.8741	0.8217
5793	30.6274	51.81	47.731	0.8805	0.8277
5794	32.7664	55.36	48.316	0.8800	0.8272
5795	33.8445	57.33	48.739	0.8798	0.8270
5797	19.6779	57.99	51.332	0.8816	0.8287
5798	19.258	56.86	46.548	0.8823	0.8294
5800	19.0196	56.16	34.403	0.8823	0.8294
5801	5.75659	39.37	35.132	0.8910	0.8375
5802	5.80265	39.70	36.048	0.8944	0.8407
5803	45.7003	53.54	47.475	0.8775	0.8248
5804	43.0703	50.43	47.506	0.8803	0.8275
5805	46.6953	54.64	48.011	0.8798	0.8270
5806	24.5222	49.08	47.858	0.8819	0.8290
5807	25.3871	50.64	49.002	0.8815	0.8286
5808	22.5533	44.65	47.076	0.8819	0.8290
5809	3.47413	38.57	64.378	0.8935	0.8399
5810	3.49636	38.80	20.049	0.8948	0.8411
5812	9.87299	45.51	63.228	0.8869	0.8337
5813	6.23882	31.26	26.689	0.8909	0.8374
5814	4.99469	40.68	47.413	0.8876	0.8343
5815	6.29887	48.61	57.944	0.8866	0.8334
5816	6.04209	47.62	39.004	0.8803	0.8275
5817	2.20107	39.00	23.872	0.8954	0.8417
5818	2.15352	38.14	26.267	0.8890	0.8357
5819	2.17652	38.60	23.114	0.8959	0.8421
5820	14.2255	47.36	47.070	0.8828	0.8298
5821	14.384	47.94	47.063	0.8820	0.8291
5822	13.9296	46.21	51.863	0.8850	0.8319
5826	330.125	31.83	43.897	0.8546	0.8033
5828	403.858	38.94	37.374	0.8489	0.7980
5831	472.271	19.81	20.967	0.8514	0.8003
5833	131.284	40.16	33.056	0.8775	0.8248
5834	125.329	38.32	40.905	0.8791	0.8264
5835	222.833	39.24	24.425	0.8693	0.8171
5836	225.602	39.73	23.070	0.8692	0.8170
5837	224.205	39.48	23.833	0.8705	0.8183
5838	454.682	10.90	18.337	0.8547	0.8034
5839	455.063	10.90	9.411	0.8551	0.8038
5840	449.543	10.77	13.566	0.8556	0.8043
5841	454.498	10.89	11.350	0.8565	0.8051
5842	420.818	23.44	25.852	0.8529	0.8017
5843	426.717	23.79	27.091	0.8510	0.7999
5844	411.335	22.91	21.673	0.8521	0.8010
5846	445.233	5.97	4.430	0.8529	0.8017
5847	443.061	5.93	13.872	0.8538	0.8026
5848	444.828	5.96	12.961	0.8535	0.8023
5849	446.601	5.98	14.705	0.8529	0.8017
5850	399.854	14.05	18.431	0.8576	0.8061
5851	398.346	14.00	16.046	0.8547	0.8034
5852	436.37	2.58	8.440	0.8576	0.8061
5853	419.741	2.47	8.357	0.8622	0.8105
5854	418.706	2.46	7.879	0.8598	0.8082
5855	481.471	2.41	9.121	0.8564	0.8050
5856	486.504	2.44	8.389	0.8554	0.8041
5857	486.482	2.44	7.745	0.8553	0.8040
5858	385.8	11.90	18.952	0.8607	0.8091
5859	383.264	11.82	18.725	0.8611	0.8094
5860	451.162	4.80	13.351	0.8559	0.8045
5862	460.664	4.90	13.531	0.8545	0.8032
5865	449.153	4.78	8.030	0.8559	0.8045
5867	466.021	6.72	15.264	0.8542	0.8029
5868	465.254	6.71	17.886	0.8521	0.8010
5869	466.06	6.72	13.244	0.8525	0.8014
5870	473.122	3.24	8.422	0.8541	0.8029
5871	478.687	3.28	7.796	0.8535	0.8023
5872	486.13	3.34	8.358	0.8527	0.8015
5873	478.825	3.29	7.896	0.8545	0.8032
5874	391.937	16.56	19.790	0.8567	0.8053
5875	406.674	17.21	20.141	0.8595	0.8079
5876	399.009	27.24	27.294	0.8553	0.8040
5877	414.273	28.33	28.686	0.8523	0.8012
5878	474.649	4.79	14.061	0.8554	0.8041
5879	473.075	4.77	15.603	0.8554	0.8041
5880	476.057	4.80	13.263	0.8549	0.8036
5881	456.822	9.48	21.081	0.8525	0.8014
5882	452.734	9.40	19.532	0.8531	0.8019
5887	490.252	18.03	36.025	0.8488	0.7979
5889	488.562	17.97	41.772	0.8462	0.7954
5890	492.161	18.11	16.565	0.8491	0.7982
5894	307.019	40.30	46.353	0.8600	0.8084
5895	494.478	9.03	20.311	0.8503	0.7993
5896	494.433	9.03	18.991	0.8528	0.8016
5898	494.28	9.03	10.780	0.8491	0.7982
5899	497.588	9.09	6.099	0.8520	0.8009
5901	440.74	14.59	29.875	0.8546	0.8033
5902	449.14	14.88	28.198	0.8519	0.8008
5903	447.36	14.81	23.124	0.8524	0.8013
5904	165.109	37.42	39.918	0.8742	0.8217
5905	177.125	40.21	35.422	0.8729	0.8205
5906	480.817	30.79	57.321	0.8432	0.7926
5907	464.545	29.79	64.339	0.8452	0.7945
5908	290.791	32.94	45.074	0.8546	0.8033
5909	305.389	34.42	45.097	0.8544	0.8031
5910	316.483	35.44	30.478	0.8550	0.8037
5912	105.383	39.92	20.194	0.8793	0.8265
5913	104.9	39.75	52.544	0.8778	0.8251
5914	412.559	22.15	27.655	0.8500	0.7990
5915	414.004	22.23	30.010	0.8502	0.7992
5916	406.163	21.80	27.893	0.8500	0.7990
5917	417.034	10.84	19.601	0.8535	0.8023
5918	424.494	11.04	19.074	0.8539	0.8027
5919	426.595	11.10	19.229	0.8542	0.8029
5920	211.69	39.78	35.778	0.8652	0.8133
5921	200.177	37.58	29.039	0.8648	0.8129
5922	454.52	26.95	27.548	0.8422	0.7917
5923	456.768	27.09	28.529	0.8433	0.7927
5924	458.672	27.20	26.124	0.8431	0.7925
5925	455.913	12.83	24.366	0.8463	0.7955
5926	455.682	12.82	42.644	0.8482	0.7973
5927	477.724	5.96	23.508	0.8496	0.7986
5928	469.756	5.86	18.368	0.8519	0.8008
5930	426.259	34.73	23.272	0.8457	0.7950
5931	454.003	20.04	22.185	0.8506	0.7996
5932	453.088	19.99	22.755	0.8421	0.7916
5933	451.892	3.39	9.516	0.8541	0.8029
5934	462.545	3.48	12.059	0.8510	0.7999
5935	463.858	3.48	10.885	0.8504	0.7994
5936	419.19	7.02	22.766	0.8530	0.8018
5937	401.697	6.72	12.683	0.8552	0.8039
5938	402.215	6.73	10.106	0.8531	0.8019
5939	439.352	19.59	23.755	0.8562	0.8048
5940	446.425	19.91	23.321	0.8547	0.8034
5941	448.073	19.99	24.344	0.8532	0.8020
5943	283.534	39.07	29.387	0.8664	0.8144
5944	282.07	38.85	30.017	0.8640	0.8122
5945	518.866	9.98	9.670	0.8508	0.7998
5946	520.264	10.01	17.018	0.8513	0.8002
5948	519.393	9.99	17.664	0.8506	0.7996
5949	477.122	17.87	23.623	0.8507	0.7997
5950	469.419	17.58	20.932	0.8500	0.7990
5951	481.199	18.02	17.905	0.8502	0.7992
5952	143.262	39.42	35.558	0.8788	0.8261
5959	181.613	24.27	19.930	0.8750	0.8225
5960	183.305	24.60	27.728	0.8775	0.8248
5961	147.851	19.89	27.966	0.8822	0.8293
5962	148.476	20.00	34.498	0.8814	0.8285
5963	283.354	24.25	36.154	0.8662	0.8142
5965	445.539	37.25	35.704	0.8474	0.7966
5966	144.316	39.78	35.094	0.8781	0.8254
5969	356.517	51.56	50.508	0.8481	0.7972
5970	372.604	53.71	38.964	0.8487	0.7978
5971	372.257	53.36	40.900	0.8479	0.7970
5972	484.014	35.92	33.914	0.8457	0.7950
5973	487.428	36.16	30.279	0.8473	0.7965
5974	479.787	35.60	31.193	0.8460	0.7952
5975	73.1849	38.13	32.137	0.8862	0.8330
5976	70.2967	36.61	39.059	0.8881	0.8348
5977	163.777	31.78	24.478	0.8791	0.8264
5978	178.04	34.61	50.204	0.8762	0.8236
5980	487.05	29.70	45.310	0.8480	0.7971
5981	496.441	30.27	45.756	0.8498	0.7988
5982	489.028	29.81	38.726	0.8474	0.7966
5984	466.464	14.86	29.110	0.8547	0.8034
5987	458.103	14.59	30.903	0.8560	0.8046
5988	479.824	9.05	22.227	0.8556	0.8043
5989	480.48	9.06	21.301	0.8546	0.8033
5990	480.069	9.06	11.145	0.8544	0.8031
5991	480.466	9.07	8.343	0.8552	0.8039
5993	489.705	18.05	30.417	0.8503	0.7993
5994	489.984	18.07	27.926	0.8507	0.7997
5996	490.511	18.07	24.251	0.8520	0.8009
5997	319.409	39.80	54.596	0.8634	0.8116
5998	312.556	38.95	17.072	0.8636	0.8118
5999	452.327	34.69	42.707	0.8532	0.8020
6000	438.559	33.60	21.329	0.8486	0.7977
6001	493.16	5.57	9.851	0.8563	0.8049
6002	487.077	5.49	10.153	0.8587	0.8072
6003	491.553	5.55	9.724	0.8562	0.8048
6004	488.22	5.51	9.462	0.8545	0.8032
6005	487.926	5.50	3.865	0.8525	0.8014
6006	492.089	11.08	18.236	0.8542	0.8029
6007	490.177	11.04	17.501	0.8549	0.8036
6008	492.714	11.10	20.787	0.8528	0.8016
6554	18.0567	39.70	31.764	0.8899	0.8365
6555	170.027	58.57	70.792	0.8684	0.8163
6556	77.474	68.86	72.271	0.8740	0.8216
6557	317.18	64.98	56.299	0.8534	0.8022
6558	552.892	60.55	44.814	0.8365	0.7863
6559	69.146	38.22	19.683	0.8831	0.8301
