run eff cur rate
6111	0.89	29.0715	120.3
6112	0.883	30.3605	125.52
6114	0.89	28.9655	119.78
6109	0.901	29.4979	18.62
6110	0.901	30.2527	19.065
6104	0.884	31.2529	57.954
6105	0.886	28.2969	50.891
6106	0.898	25.5332	45.692
6115	0.87	31.4779	237.99
6116	0.874	30.9531	234.37
6119	0.9	40.4536	44.648
6120	0.908	40.0679	44.233
6117	0.875	36.5504	123.63
6118	0.879	39.8936	140.18
6121	0.869	36.6264	132.87
6124	0.846	33.7796	473.33
6125	0.847	34.3286	481.34
6127	0.891	40.4764	80.496
6128	0.892	39.8265	79.212
6122	0.836	44.5488	347.07
6123	0.846	49.7099	365.17
6126	0.848	45.2271	312.63
6136	0.843	18.1189	477.4
6137	0.843	17.8777	471.16
6138	0.837	17.9917	474.05
6129	0.854	37.2964	134.12
6130	0.86	40.1223	144.12
6132	0.857	32.5522	117.38
6133	0.872	12.064	44.366
6135	0.886	15.9265	58.189
6139	0.844	40.0899	447.82
6140	0.837	41.9979	468.43
6141	0.83	42.431	473.54
6145	0.832	51.0568	418.55
6146	0.847	46.0711	378.58
6154	0.865	22.4793	191.54
6155	0.904	19.9218	28.482
6168	0.884	38.5797	54.57
6142	0.857	48.584	205.14
6144	0.857	47.6579	206.53
6163	0.851	72.1783	328.9
6164	0.851	75.1186	340.54
6170	0.839	25.1715	404.63
6171	0.839	25.2362	405.67
6172	0.896	39.998	105.45
6174	0.825	55.6301	451.81
6175	0.823	54.2529	440.72
6179	0.846	15.1473	462.54
6180	0.837	15.1029	461.09
6181	0.852	40.3684	194.33
6182	0.878	40.1376	193.14
6177	0.836	30.0043	468.47
6178	0.841	29.8594	466.21
6185	0.826	9.13205	505.63
6186	0.816	9.00277	498.77
6187	0.821	9.04246	500.94
6183	0.835	40.0516	309.63
6184	0.854	40.3856	342.25
6188	0.832	17.1751	489.85
6189	0.837	17.0253	485.62
6190	0.825	17.2379	491.74
6192	0.861	60.367	260.066
6193	0.854	58.879	253.651
6194	0.855	45.3145	384.164
6195	0.846	46.9141	397.625
6196	0.886	39.8573	53.6395
6197	0.884	40.6216	102.845
6198	0.845	30.4084	492.895
6199	0.846	30.2995	491.106
6200	0.842	55.218	452.459
6201	0.843	55.5566	455.165
6202	0.847	30.5441	478.668
6203	0.843	30.5549	479.124
6204	0.853	30.4316	477.11
6205	0.847	15.2171	473.538
6208	0.857	15.3395	476.878
6209	0.844	15.2657	475.099
6210	0.852	15.1806	472.485
6211	0.866	39.988	188.001
6212	0.872	39.2352	184.474
6213	0.859	40.5594	345.847
6214	0.866	40.7438	347.3
6215	0.858	8.08339	470.102
6216	0.856	8.08512	470.257
6217	0.859	8.09649	470.905
6219	0.858	8.06068	468.788
6220	0.858	8.07128	469.44
6221	0.869	17.0447	499.785
6222	0.861	16.15	474.215
6223	0.854	17.131	502.464
6224	0.848	17.1931	504.305
6225	0.853	17.1033	501.661
6237	0.874	55.6128	128.114
6240	0.865	55.5368	127.987
6241	0.869	55.3194	127.487
6242	0.908	40.3503	32.3239
6243	0.895	40.4048	32.3545
6244	0.903	40.3855	32.3447
6245	0.85	59.8686	313.895
6246	0.856	59.2176	310.329
6247	0.842	57.5605	301.915
6248	0.826	55.7776	503.317
6249	0.821	55.6237	502.012
6250	0.83	55.2636	498.688
6251	0.888	40.3297	53.5303
6252	0.897	40.0848	53.1834
6253	0.851	60.3347	236.745
6254	0.845	60.3188	236.768
6255	0.858	58.266	228.702
6256	0.833	60.7695	433.518
6257	0.84	59.088	421.606
6258	0.851	58.2332	415.454
6259	0.837	58.7278	419.006
6260	0.84	59.6325	425.637
6261	0.881	40.5251	94.7269
6262	0.892	40.292	94.1839
6263	0.842	30.0246	502.128
6264	0.846	30.3754	507.908
6265	0.85	30.3451	507.247
6266	0.847	29.9072	499.972
6267	0.846	26.1781	437.927
6270	0.855	16.1988	514.297
6271	0.851	16.1582	513.001
6272	0.85	16.1207	511.901
6273	0.855	16.2791	516.713
6274	0.875	40.4552	172.578
6275	0.881	40.1173	171.11
6276	0.872	38.9262	166.091
6281	0.84	34.8459	471.153
6282	0.843	34.8423	471.031
6284	0.844	35.262	476.461
6285	0.888	58.6602	62.3101
6286	0.878	70.1457	74.3633
6287	0.878	70.2396	74.4991
6288	0.911	40.5189	16.1282
6289	0.893	40.222	16.0247
6290	0.858	69.2573	176.138
7723	0.883	50.8289	20.8426
7724	0.873	50.3305	45.2114
7725	0.89	40.6	6.03208
7727	0.881	40.9818	20.5021
7728	0.885	39.9965	20.0222
7729	0.87	49.5115	67.6529
7730	0.873	50.4736	68.988
7733	0.873	49.0282	66.9952
7735	0.849	49.5952	161.629
7736	0.853	50.3125	163.959
7737	0.819	49.5754	315.393
7738	0.824	50.1543	318.971
7739	0.795	48.8249	310.699
7740	0.823	49.75	316.52
7741	0.858	49.4865	132.335
7742	0.845	43.9634	117.677
7743	0.741	50.4953	135.055
7747	0.911	39.2172	36.7372
7748	0.885	39.836	37.2881
7749	0.898	39.9866	37.4228
7750	0.838	39.408	71.2942
7751	0.857	39.8477	72.0701
7752	0.858	39.9794	72.2939
7753	0.822	50.0768	274.954
7754	0.83	50.2364	275.82
7755	0.834	49.3714	271.096
7757	0.791	37.4004	481.267
7758	0.802	37.3219	480.294
7759	0.784	37.3332	480.523
7760	0.871	49.9323	56.6247
7762	0.879	39.8285	8.33542
7763	0.885	49.8577	27.6072
7765	0.873	20.1831	69.1682
7766	0.878	19.808	67.9164
7768	0.874	17.6671	120.003
7769	0.875	17.3438	117.846
7770	0.87	17.5519	119.244
7771	0.866	17.4833	118.813
7772	0.893	38.3948	44.2774
7773	0.873	38.9729	90.7013
7774	0.874	37.6307	87.6766
7775	0.835	22.9425	324.007
7776	0.824	22.8445	322.622
7777	0.835	22.935	323.915
7778	0.872	19.7529	144.219
7779	0.855	19.9229	145.43
7781	0.849	18.9559	285.13
7782	0.84	18.9476	284.982
7783	0.806	16.9386	486.726
7784	0.806	16.9729	487.659
7785	0.807	17.0094	488.559
7786	0.799	17.0196	488.623
7787	0.812	17.0769	490.122
7790	0.881	39.6321	181.114
7791	0.886	37.9103	173.466
7792	0.881	39.3445	179.811
7793	0.892	40.3236	26.8572
7794	0.911	40.3504	26.8786
7796	0.84	49.8273	218.394
7797	0.832	49.6242	217.529
7798	0.796	50.2597	411.429
7799	0.808	50.1194	410.332
7800	0.847	25.1918	209.591
