run	Rate	curr	pcal	hcal	hcer	aero	htrack	ptrack	TLT	boil	fadc	total	hgcer_rf_later	note fadc does not include htrig3 rate
6018	458.0	30.3	0.96	0.994	0.98	0.968	0.995	0.995	0.9810	0.9921	0.9771	0.8523		
6019	458.9	30.8	0.96	0.994	0.98	0.968	0.995	0.995	0.9810	0.9920	0.9771	0.8521		
6020	458.9	30.8	0.96	0.994	0.98	0.968	0.995	0.995	0.9810	0.9920	0.9771	0.8521		
6021	458.7	30.8	0.96	0.994	0.98	0.968	0.995	0.995	0.9810	0.9920	0.9771	0.8522		
6022	90.3	40.8	0.96	0.994	0.98	0.968	0.995	0.995	0.9951	0.9894	0.9955	0.8783		
6023	450.9	50.8	0.96	0.994	0.98	0.968	0.995	0.995	0.9813	0.9868	0.9775	0.8483		
6024	393.2	45.8	0.96	0.994	0.98	0.968	0.995	0.995	0.9835	0.9881	0.9803	0.8538		
6025	393.7	45.8	0.96	0.994	0.98	0.968	0.995	0.995	0.9835	0.9881	0.9803	0.8538		
6026	90.2	40.8	0.96	0.994	0.98	0.968	0.995	0.995	0.9951	0.9894	0.9955	0.8784		
6027	157.4	40.8	0.96	0.994	0.98	0.968	0.995	0.995	0.9925	0.9894	0.9921	0.8731		
6028	157.4	40.8	0.96	0.994	0.98	0.968	0.995	0.995	0.9925	0.9894	0.9921	0.8731		
6029	482.3	18.3	0.96	0.994	0.98	0.968	0.995	0.995	0.9801	0.9953	0.9759	0.8531		
6030	435.7	16.3	0.96	0.994	0.98	0.968	0.995	0.995	0.9819	0.9958	0.9782	0.8572		
6031	431.2	16.3	0.96	0.994	0.98	0.968	0.995	0.995	0.9821	0.9958	0.9784	0.8575		
6032	432.6	16.3	0.96	0.994	0.98	0.968	0.995	0.995	0.9820	0.9958	0.9784	0.8574		
6033	487.1	35.8	0.96	0.994	0.98	0.968	0.995	0.995	0.9799	0.9907	0.9756	0.8489		
6034	487.4	35.8	0.96	0.994	0.98	0.968	0.995	0.995	0.9799	0.9907	0.9756	0.8488		
6035	485.9	35.8	0.96	0.994	0.98	0.968	0.995	0.995	0.9800	0.9907	0.9757	0.8490		
6036	486.6	35.8	0.96	0.994	0.98	0.968	0.995	0.995	0.9800	0.9907	0.9757	0.8489		
6038	428.2	18.3	0.96	0.994	0.98	0.968	0.995	0.995	0.9822	0.9953	0.9786	0.8573		
6039	428.4	18.3	0.96	0.994	0.98	0.968	0.995	0.995	0.9822	0.9953	0.9786	0.8573		
6040	428.1	18.3	0.96	0.994	0.98	0.968	0.995	0.995	0.9822	0.9953	0.9786	0.8573		
6041	428.4	18.3	0.96	0.994	0.98	0.968	0.995	0.995	0.9822	0.9953	0.9786	0.8573		
6042	428.1	18.3	0.96	0.994	0.98	0.968	0.995	0.995	0.9822	0.9953	0.9786	0.8573		
6043	472.8	10.3	0.96	0.994	0.98	0.968	0.995	0.995	0.9805	0.9973	0.9764	0.8556		
6044	473.5	10.3	0.96	0.994	0.98	0.968	0.995	0.995	0.9805	0.9973	0.9763	0.8556		
6045	473.1	10.3	0.96	0.994	0.98	0.968	0.995	0.995	0.9805	0.9973	0.9763	0.8556		
6046	273.8	40.8	0.96	0.994	0.98	0.968	0.995	0.995	0.9881	0.9894	0.9863	0.8641		
6049	482.2	6.3	0.96	0.994	0.98	0.968	0.995	0.995	0.9801	0.9984	0.9759	0.8558		
6050	482.9	6.3	0.96	0.994	0.98	0.968	0.995	0.995	0.9801	0.9984	0.9759	0.8558		
6051	483.4	6.3	0.96	0.994	0.98	0.968	0.995	0.995	0.9801	0.9984	0.9758	0.8557		
6052	481.7	6.3	0.96	0.994	0.98	0.968	0.995	0.995	0.9801	0.9984	0.9759	0.8559		
6053	482.2	6.3	0.96	0.994	0.98	0.968	0.995	0.995	0.9801	0.9984	0.9759	0.8558		
6054	558.3	7.3	0.96	0.994	0.98	0.968	0.995	0.995	0.9772	0.9981	0.9721	0.8497		
6055	560.6	7.3	0.96	0.994	0.98	0.968	0.995	0.995	0.9771	0.9981	0.9720	0.8496		
6056	469.2	40.8	0.96	0.994	0.98	0.968	0.995	0.995	0.9806	0.9894	0.9765	0.8491		
6057	469.8	40.8	0.96	0.994	0.98	0.968	0.995	0.995	0.9806	0.9894	0.9765	0.8491		
6058	469.4	40.8	0.96	0.994	0.98	0.968	0.995	0.995	0.9806	0.9894	0.9765	0.8491		
6059	483.2	12.3	0.96	0.994	0.98	0.968	0.995	0.995	0.9801	0.9968	0.9758	0.8544		
6060	483.8	12.3	0.96	0.994	0.98	0.968	0.995	0.995	0.9801	0.9968	0.9758	0.8544		
6061	538.8	13.8	0.96	0.994	0.98	0.968	0.995	0.995	0.9780	0.9964	0.9731	0.8498		
6062	539.4	13.8	0.96	0.994	0.98	0.968	0.995	0.995	0.9779	0.9964	0.9730	0.8497		
6063	539.6	13.8	0.96	0.994	0.98	0.968	0.995	0.995	0.9779	0.9964	0.9730	0.8497		
6064	539.9	13.8	0.96	0.994	0.98	0.968	0.995	0.995	0.9779	0.9964	0.9730	0.8497		
6065	300.4	50.8	0.96	0.994	0.98	0.968	0.995	0.995	0.9870	0.9868	0.9850	0.8598		
6066	310.9	50.8	0.96	0.994	0.98	0.968	0.995	0.995	0.9866	0.9868	0.9845	0.8590		
6067	66.6	40.8	0.96	0.994	0.98	0.968	0.995	0.995	0.9960	0.9894	0.9967	0.8802		
6068	494.9	45.8	0.96	0.994	0.98	0.968	0.995	0.995	0.9796	0.9881	0.9753	0.8460		
6070	492.6	45.8	0.96	0.994	0.98	0.968	0.995	0.995	0.9797	0.9881	0.9754	0.8462		
6071	493.0	45.8	0.96	0.994	0.98	0.968	0.995	0.995	0.9797	0.9881	0.9754	0.8462		
6080	100.5	40.8	0.96	0.994	0.98	0.968	0.995	0.995	0.9947	0.9894	0.9950	0.8775		
6081	484.9	28.8	0.96	0.994	0.98	0.968	0.995	0.995	0.9800	0.9925	0.9758	0.8506		
6082	457.3	49.3	0.96	0.994	0.98	0.968	0.995	0.995	0.9811	0.9872	0.9771	0.8481		
6083	451.3	48.8	0.96	0.994	0.98	0.968	0.995	0.995	0.9813	0.9873	0.9774	0.8487		
6084	485.9	36.8	0.96	0.994	0.98	0.968	0.995	0.995	0.9800	0.9904	0.9757	0.8487		
6085	486.8	36.8	0.96	0.994	0.98	0.968	0.995	0.995	0.9799	0.9904	0.9757	0.8487		
6086	489.2	36.8	0.96	0.994	0.98	0.968	0.995	0.995	0.9799	0.9904	0.9755	0.8485		
6087	163.9	40.8	0.96	0.994	0.98	0.968	0.995	0.995	0.9923	0.9894	0.9918	0.8726		
6088	486.5	16.8	0.96	0.994	0.98	0.968	0.995	0.995	0.9800	0.9956	0.9757	0.8531		
6089	487.2	16.8	0.96	0.994	0.98	0.968	0.995	0.995	0.9799	0.9956	0.9756	0.8531		
6090	486.8	16.8	0.96	0.994	0.98	0.968	0.995	0.995	0.9799	0.9956	0.9757	0.8531		
6091	486.9	9.8	0.96	0.994	0.98	0.968	0.995	0.995	0.9799	0.9975	0.9757	0.8547		
6093	481.2	9.8	0.96	0.994	0.98	0.968	0.995	0.995	0.9802	0.9975	0.9759	0.8551		
6094	480.4	9.8	0.96	0.994	0.98	0.968	0.995	0.995	0.9802	0.9975	0.9760	0.8552		
6095	484.6	9.8	0.96	0.994	0.98	0.968	0.995	0.995	0.9800	0.9975	0.9758	0.8549		
6096	486.2	9.8	0.96	0.994	0.98	0.968	0.995	0.995	0.9800	0.9975	0.9757	0.8547		
6097	284.9	40.8	0.96	0.994	0.98	0.968	0.995	0.995	0.9876	0.9894	0.9858	0.8633		
6098	284.4	40.8	0.96	0.994	0.98	0.968	0.995	0.995	0.9877	0.9894	0.9858	0.8633		
6099	440.5	20.3	0.96	0.994	0.98	0.968	0.995	0.995	0.9817	0.9947	0.9780	0.8559		
6101	442.4	20.3	0.96	0.994	0.98	0.968	0.995	0.995	0.9816	0.9947	0.9779	0.8558		
6102	443.5	20.3	0.96	0.994	0.98	0.968	0.995	0.995	0.9816	0.9947	0.9778	0.8557		
6103	442.7	20.3	0.96	0.994	0.98	0.968	0.995	0.995	0.9816	0.9947	0.9779	0.8557		
6104	66.3	35.8	0.96	0.994	0.98	0.968	0.995	0.995	0.9960	0.9907	0.9967	0.8814		
6105	54.9	30.8	0.96	0.994	0.98	0.968	0.995	0.995	0.9964	0.9920	0.9973	0.8834		
6106	55.0	30.8	0.96	0.994	0.98	0.968	0.995	0.995	0.9964	0.9920	0.9973	0.8834		
6109	19.4	30.8	0.96	0.994	0.98	0.968	0.995	0.995	0.9978	0.9920	0.9990	0.8862		
6110	19.2	30.8	0.96	0.994	0.98	0.968	0.995	0.995	0.9978	0.9920	0.9990	0.8862		
6111	126.6	30.8	0.96	0.994	0.98	0.968	0.995	0.995	0.9937	0.9920	0.9937	0.8778		
6112	126.9	30.8	0.96	0.994	0.98	0.968	0.995	0.995	0.9937	0.9920	0.9937	0.8778		
6114	127.2	30.8	0.96	0.994	0.98	0.968	0.995	0.995	0.9937	0.9920	0.9936	0.8778		
6115	270.7	35.8	0.96	0.994	0.98	0.968	0.995	0.995	0.9882	0.9907	0.9865	0.8655		
6116	232.6	30.8	0.96	0.994	0.98	0.968	0.995	0.995	0.9896	0.9920	0.9884	0.8696		
6117	122.1	35.8	0.96	0.994	0.98	0.968	0.995	0.995	0.9938	0.9907	0.9939	0.8770		
6118	144.0	40.8	0.96	0.994	0.98	0.968	0.995	0.995	0.9930	0.9894	0.9928	0.8742		
6119	45.1	40.8	0.96	0.994	0.98	0.968	0.995	0.995	0.9968	0.9894	0.9977	0.8819		
6120	45.0	40.8	0.96	0.994	0.98	0.968	0.995	0.995	0.9968	0.9894	0.9977	0.8819		
6121	149.8	40.8	0.96	0.994	0.98	0.968	0.995	0.995	0.9928	0.9894	0.9925	0.8737		
6122	409.4	51.3	0.96	0.994	0.98	0.968	0.995	0.995	0.9829	0.9867	0.9795	0.8513		
6123	375.1	50.8	0.96	0.994	0.98	0.968	0.995	0.995	0.9842	0.9868	0.9812	0.8541		
6124	481.5	34.3	0.96	0.994	0.98	0.968	0.995	0.995	0.9801	0.9911	0.9759	0.8496		
6125	484.1	34.8	0.96	0.994	0.98	0.968	0.995	0.995	0.9800	0.9910	0.9758	0.8493		
6126	362.0	51.3	0.96	0.994	0.98	0.968	0.995	0.995	0.9847	0.9867	0.9819	0.8550		
6127	81.3	40.8	0.96	0.994	0.98	0.968	0.995	0.995	0.9954	0.9894	0.9959	0.8790		
6128	81.1	40.8	0.96	0.994	0.98	0.968	0.995	0.995	0.9954	0.9894	0.9959	0.8791		
6129	146.9	40.8	0.96	0.994	0.98	0.968	0.995	0.995	0.9929	0.9894	0.9927	0.8739		
6130	146.8	40.8	0.96	0.994	0.98	0.968	0.995	0.995	0.9929	0.9894	0.9927	0.8740		
6132	146.6	40.8	0.96	0.994	0.98	0.968	0.995	0.995	0.9929	0.9894	0.9927	0.8740		
6133	18.9	5.3	0.96	0.994	0.98	0.968	0.995	0.995	0.9978	0.9986	0.9991	0.8921		
6135	36.5	10.3	0.96	0.994	0.98	0.968	0.995	0.995	0.9971	0.9973	0.9982	0.8896		
6136	482.8	18.3	0.96	0.994	0.98	0.968	0.995	0.995	0.9801	0.9953	0.9759	0.8531		
6137	482.5	18.3	0.96	0.994	0.98	0.968	0.995	0.995	0.9801	0.9953	0.9759	0.8531		
6138	482.4	18.3	0.96	0.994	0.98	0.968	0.995	0.995	0.9801	0.9953	0.9759	0.8531		
6139	462.3	40.8	0.96	0.994	0.98	0.968	0.995	0.995	0.9809	0.9894	0.9769	0.8496		
6140	483.6	43.3	0.96	0.994	0.98	0.968	0.995	0.995	0.9801	0.9888	0.9758	0.8475		
6141	484.0	43.3	0.96	0.994	0.98	0.968	0.995	0.995	0.9800	0.9888	0.9758	0.8474		
6142	215.2	50.8	0.96	0.994	0.98	0.968	0.995	0.995	0.9903	0.9868	0.9892	0.8664		
6144	221.0	50.8	0.96	0.994	0.98	0.968	0.995	0.995	0.9901	0.9868	0.9889	0.8659		
6145	418.5	51.3	0.96	0.994	0.98	0.968	0.995	0.995	0.9825	0.9867	0.9791	0.8506		
6146	418.8	51.3	0.96	0.994	0.98	0.968	0.995	0.995	0.9825	0.9867	0.9791	0.8506		
6154	182.4	21.3	0.96	0.994	0.98	0.968	0.995	0.995	0.9915	0.9945	0.9909	0.8757		
6155	29.8	20.8	0.96	0.994	0.98	0.968	0.995	0.995	0.9974	0.9946	0.9985	0.8877		
6170	408.2	25.3	0.96	0.994	0.98	0.968	0.995	0.995	0.9829	0.9934	0.9796	0.8573		
6171	408.2	25.3	0.96	0.994	0.98	0.968	0.995	0.995	0.9829	0.9934	0.9796	0.8573		
6172	107.2	40.8	0.96	0.994	0.98	0.968	0.995	0.995	0.9944	0.9894	0.9946	0.8770		
6174	456.1	56.3	0.96	0.994	0.98	0.968	0.995	0.995	0.9811	0.9854	0.9772	0.8467		
6175	455.7	56.3	0.96	0.994	0.98	0.968	0.995	0.995	0.9811	0.9854	0.9772	0.8467		
6177	477.0	30.8	0.96	0.994	0.98	0.968	0.995	0.995	0.9803	0.9920	0.9761	0.8507		
6178	476.8	30.8	0.96	0.994	0.98	0.968	0.995	0.995	0.9803	0.9920	0.9762	0.8508		
6179	464.0	15.3	0.96	0.994	0.98	0.968	0.995	0.995	0.9808	0.9960	0.9768	0.8552		
6180	464.6	15.3	0.96	0.994	0.98	0.968	0.995	0.995	0.9808	0.9960	0.9768	0.8552		
6181	196.7	40.8	0.96	0.994	0.98	0.968	0.995	0.995	0.9910	0.9894	0.9902	0.8701		
6182	196.6	40.8	0.96	0.994	0.98	0.968	0.995	0.995	0.9910	0.9894	0.9902	0.8701		
6183	315.3	40.8	0.96	0.994	0.98	0.968	0.995	0.995	0.9865	0.9894	0.9842	0.8609		
6184	346.7	40.8	0.96	0.994	0.98	0.968	0.995	0.995	0.9853	0.9894	0.9827	0.8585		
6185	506.8	9.3	0.96	0.994	0.98	0.968	0.995	0.995	0.9792	0.9976	0.9747	0.8532		
6186	500.7	9.3	0.96	0.994	0.98	0.968	0.995	0.995	0.9794	0.9976	0.9750	0.8537		
6187	502.9	9.3	0.96	0.994	0.98	0.968	0.995	0.995	0.9793	0.9976	0.9749	0.8535		
6188	493.6	17.3	0.96	0.994	0.98	0.968	0.995	0.995	0.9797	0.9955	0.9753	0.8525		
6189	492.9	17.3	0.96	0.994	0.98	0.968	0.995	0.995	0.9797	0.9955	0.9754	0.8525		
6190	493.5	17.3	0.96	0.994	0.98	0.968	0.995	0.995	0.9797	0.9955	0.9753	0.8525		
6192	265.3	61.8	0.96	0.994	0.98	0.968	0.995	0.995	0.9884	0.9839	0.9867	0.8600		
6193	265.5	61.8	0.96	0.994	0.98	0.968	0.995	0.995	0.9884	0.9839	0.9867	0.8600		
6194	390.8	46.3	0.96	0.994	0.98	0.968	0.995	0.995	0.9836	0.9880	0.9805	0.8539		
6195	390.2	46.3	0.96	0.994	0.98	0.968	0.995	0.995	0.9836	0.9880	0.9805	0.8539		
6196	55.0	40.8	0.96	0.994	0.98	0.968	0.995	0.995	0.9964	0.9894	0.9973	0.8811		
6197	103.8	41.3	0.96	0.994	0.98	0.968	0.995	0.995	0.9945	0.9893	0.9948	0.8772		
6198	497.2	30.8	0.96	0.994	0.98	0.968	0.995	0.995	0.9795	0.9920	0.9751	0.8492		
6199	497.6	30.8	0.96	0.994	0.98	0.968	0.995	0.995	0.9795	0.9920	0.9751	0.8492		
6200	461.6	56.3	0.96	0.994	0.98	0.968	0.995	0.995	0.9809	0.9854	0.9769	0.8462		
6201	461.7	56.3	0.96	0.994	0.98	0.968	0.995	0.995	0.9809	0.9854	0.9769	0.8462		
6202	480.9	30.8	0.96	0.994	0.98	0.968	0.995	0.995	0.9802	0.9920	0.9760	0.8504		
6203	481.4	30.8	0.96	0.994	0.98	0.968	0.995	0.995	0.9802	0.9920	0.9759	0.8504		
6204	480.9	30.8	0.96	0.994	0.98	0.968	0.995	0.995	0.9802	0.9920	0.9760	0.8505		
6205	475.0	15.3	0.96	0.994	0.98	0.968	0.995	0.995	0.9804	0.9960	0.9762	0.8544		
6208	480.6	15.3	0.96	0.994	0.98	0.968	0.995	0.995	0.9802	0.9960	0.9760	0.8539		
6209	476.1	15.3	0.96	0.994	0.98	0.968	0.995	0.995	0.9804	0.9960	0.9762	0.8543		
6210	475.6	15.3	0.96	0.994	0.98	0.968	0.995	0.995	0.9804	0.9960	0.9762	0.8543		
6211	193.0	41.3	0.96	0.994	0.98	0.968	0.995	0.995	0.9911	0.9893	0.9904	0.8703		
6212	192.6	41.3	0.96	0.994	0.98	0.968	0.995	0.995	0.9912	0.9893	0.9904	0.8703		
6213	349.6	41.3	0.96	0.994	0.98	0.968	0.995	0.995	0.9852	0.9893	0.9825	0.8582		
6214	349.7	41.3	0.96	0.994	0.98	0.968	0.995	0.995	0.9852	0.9893	0.9825	0.8582		
6215	470.7	8.3	0.96	0.994	0.98	0.968	0.995	0.995	0.9806	0.9979	0.9765	0.8563		
6216	470.5	8.3	0.96	0.994	0.98	0.968	0.995	0.995	0.9806	0.9979	0.9765	0.8563		
6217	470.9	8.3	0.96	0.994	0.98	0.968	0.995	0.995	0.9805	0.9979	0.9765	0.8562		
6219	469.4	8.3	0.96	0.994	0.98	0.968	0.995	0.995	0.9806	0.9979	0.9765	0.8564		
6220	469.5	8.3	0.96	0.994	0.98	0.968	0.995	0.995	0.9806	0.9979	0.9765	0.8563		
6221	507.1	17.3	0.96	0.994	0.98	0.968	0.995	0.995	0.9792	0.9955	0.9746	0.8514		
6222	506.5	17.3	0.96	0.994	0.98	0.968	0.995	0.995	0.9792	0.9955	0.9747	0.8515		
6223	506.1	17.3	0.96	0.994	0.98	0.968	0.995	0.995	0.9792	0.9955	0.9747	0.8515		
6224	506.6	17.3	0.96	0.994	0.98	0.968	0.995	0.995	0.9792	0.9955	0.9747	0.8515		
6225	505.4	17.3	0.96	0.994	0.98	0.968	0.995	0.995	0.9792	0.9955	0.9747	0.8516		
6237	128.5	55.8	0.96	0.994	0.98	0.968	0.995	0.995	0.9936	0.9855	0.9936	0.8719		
6240	128.7	55.8	0.96	0.994	0.98	0.968	0.995	0.995	0.9936	0.9855	0.9936	0.8719		
6241	128.7	55.8	0.96	0.994	0.98	0.968	0.995	0.995	0.9936	0.9855	0.9936	0.8719		
6242	32.5	40.8	0.96	0.994	0.98	0.968	0.995	0.995	0.9973	0.9894	0.9984	0.8828		
6243	32.5	40.8	0.96	0.994	0.98	0.968	0.995	0.995	0.9973	0.9894	0.9984	0.8828		
6244	32.5	40.8	0.96	0.994	0.98	0.968	0.995	0.995	0.9973	0.9894	0.9984	0.8828		
6245	321.5	61.3	0.96	0.994	0.98	0.968	0.995	0.995	0.9862	0.9841	0.9839	0.8558		
6246	320.9	61.3	0.96	0.994	0.98	0.968	0.995	0.995	0.9863	0.9841	0.9840	0.8559		
6247	320.8	61.3	0.96	0.994	0.98	0.968	0.995	0.995	0.9863	0.9841	0.9840	0.8559		
6248	505.3	55.8	0.96	0.994	0.98	0.968	0.995	0.995	0.9792	0.9855	0.9747	0.8430		
6249	506.1	56.3	0.96	0.994	0.98	0.968	0.995	0.995	0.9792	0.9854	0.9747	0.8429		
6250	506.0	56.3	0.96	0.994	0.98	0.968	0.995	0.995	0.9792	0.9854	0.9747	0.8429		
6251	54.2	40.8	0.96	0.994	0.98	0.968	0.995	0.995	0.9964	0.9894	0.9973	0.8812		
6252	54.1	40.8	0.96	0.994	0.98	0.968	0.995	0.995	0.9964	0.9894	0.9973	0.8812		
6253	240.0	61.3	0.96	0.994	0.98	0.968	0.995	0.995	0.9893	0.9841	0.9880	0.8621		
6254	240.3	61.3	0.96	0.994	0.98	0.968	0.995	0.995	0.9893	0.9841	0.9880	0.8620		
6255	240.0	61.3	0.96	0.994	0.98	0.968	0.995	0.995	0.9894	0.9841	0.9880	0.8621		
6256	436.4	61.3	0.96	0.994	0.98	0.968	0.995	0.995	0.9819	0.9841	0.9782	0.8470		
6257	436.5	61.3	0.96	0.994	0.98	0.968	0.995	0.995	0.9819	0.9841	0.9782	0.8470		
6258	436.0	61.3	0.96	0.994	0.98	0.968	0.995	0.995	0.9819	0.9841	0.9782	0.8471		
6259	436.4	61.3	0.96	0.994	0.98	0.968	0.995	0.995	0.9819	0.9841	0.9782	0.8470		
6260	437.9	61.3	0.96	0.994	0.98	0.968	0.995	0.995	0.9818	0.9841	0.9781	0.8469		
6261	95.4	40.8	0.96	0.994	0.98	0.968	0.995	0.995	0.9949	0.9894	0.9952	0.8779		
6262	95.2	40.8	0.96	0.994	0.98	0.968	0.995	0.995	0.9949	0.9894	0.9952	0.8780		
6263	509.3	30.3	0.96	0.994	0.98	0.968	0.995	0.995	0.9791	0.9921	0.9745	0.8484		
6264	509.6	30.3	0.96	0.994	0.98	0.968	0.995	0.995	0.9791	0.9921	0.9745	0.8484		
6265	511.3	30.8	0.96	0.994	0.98	0.968	0.995	0.995	0.9790	0.9920	0.9744	0.8481		
6266	512.1	30.8	0.96	0.994	0.98	0.968	0.995	0.995	0.9790	0.9920	0.9744	0.8481		
6267	512.4	30.8	0.96	0.994	0.98	0.968	0.995	0.995	0.9790	0.9920	0.9744	0.8480		
6270	517.0	16.3	0.96	0.994	0.98	0.968	0.995	0.995	0.9788	0.9958	0.9742	0.8509		
6271	516.6	16.3	0.96	0.994	0.98	0.968	0.995	0.995	0.9788	0.9958	0.9742	0.8509		
6272	515.6	16.3	0.96	0.994	0.98	0.968	0.995	0.995	0.9788	0.9958	0.9742	0.8510		
6273	518.0	16.3	0.96	0.994	0.98	0.968	0.995	0.995	0.9788	0.9958	0.9741	0.8508		
6274	174.5	40.8	0.96	0.994	0.98	0.968	0.995	0.995	0.9918	0.9894	0.9913	0.8718		
6275	174.4	40.8	0.96	0.994	0.98	0.968	0.995	0.995	0.9919	0.9894	0.9913	0.8718		
6276	174.5	40.8	0.96	0.994	0.98	0.968	0.995	0.995	0.9918	0.9894	0.9913	0.8718		
6281	483.0	35.8	0.96	0.994	0.98	0.968	0.995	0.995	0.9801	0.9907	0.9759	0.8492		
6282	483.0	35.8	0.96	0.994	0.98	0.968	0.995	0.995	0.9801	0.9907	0.9758	0.8492		
6284	483.3	35.8	0.96	0.994	0.98	0.968	0.995	0.995	0.9801	0.9907	0.9758	0.8492		
6285	65.1	61.3	0.96	0.994	0.98	0.968	0.995	0.995	0.9960	0.9841	0.9967	0.8756		
6286	75.9	71.8	0.96	0.994	0.98	0.968	0.995	0.995	0.9956	0.9813	0.9962	0.8723		
6287	76.2	71.8	0.96	0.994	0.98	0.968	0.995	0.995	0.9956	0.9813	0.9962	0.8723		
6288	16.2	40.8	0.96	0.994	0.98	0.968	0.995	0.995	0.9979	0.9894	0.9992	0.8841		
6289	16.2	40.8	0.96	0.994	0.98	0.968	0.995	0.995	0.9979	0.9894	0.9992	0.8841		
6290	182.1	71.8	0.96	0.994	0.98	0.968	0.995	0.995	0.9916	0.9813	0.9909	0.8641		
6291	182.2	71.8	0.96	0.994	0.98	0.968	0.995	0.995	0.9916	0.9813	0.9909	0.8641		
6292	347.2	71.8	0.96	0.994	0.98	0.968	0.995	0.995	0.9853	0.9813	0.9826	0.8515		
6293	347.4	71.8	0.96	0.994	0.98	0.968	0.995	0.995	0.9853	0.9813	0.9826	0.8515		
6294	29.9	40.8	0.96	0.994	0.98	0.968	0.995	0.995	0.9974	0.9894	0.9985	0.8830		
6295	29.9	40.8	0.96	0.994	0.98	0.968	0.995	0.995	0.9974	0.9894	0.9985	0.8830		
6296	29.7	40.8	0.96	0.994	0.98	0.968	0.995	0.995	0.9974	0.9894	0.9985	0.8831		
6297	124.8	61.3	0.96	0.994	0.98	0.968	0.995	0.995	0.9937	0.9841	0.9938	0.8709		
6298	124.6	61.3	0.96	0.994	0.98	0.968	0.995	0.995	0.9937	0.9841	0.9938	0.8710		
6299	124.2	61.3	0.96	0.994	0.98	0.968	0.995	0.995	0.9938	0.9841	0.9938	0.8710		
6300	250.8	61.3	0.96	0.994	0.98	0.968	0.995	0.995	0.9889	0.9841	0.9875	0.8612		
6301	290.9	71.8	0.96	0.994	0.98	0.968	0.995	0.995	0.9874	0.9813	0.9855	0.8558		
6302	290.8	71.8	0.96	0.994	0.98	0.968	0.995	0.995	0.9874	0.9813	0.9855	0.8558		
6304	56.9	40.8	0.96	0.994	0.98	0.968	0.995	0.995	0.9963	0.9894	0.9972	0.8809		
6305	56.9	40.8	0.96	0.994	0.98	0.968	0.995	0.995	0.9963	0.9894	0.9972	0.8809		
6306	491.3	50.8	0.96	0.994	0.98	0.968	0.995	0.995	0.9798	0.9868	0.9754	0.8452		
6307	491.8	51.3	0.96	0.994	0.98	0.968	0.995	0.995	0.9798	0.9867	0.9754	0.8450		
6308	491.9	51.3	0.96	0.994	0.98	0.968	0.995	0.995	0.9797	0.9867	0.9754	0.8450		
6309	377.0	71.8	0.96	0.994	0.98	0.968	0.995	0.995	0.9841	0.9813	0.9811	0.8492		
6310	377.9	71.8	0.96	0.994	0.98	0.968	0.995	0.995	0.9841	0.9813	0.9811	0.8491		
6311	39.0	40.8	0.96	0.994	0.98	0.968	0.995	0.995	0.9970	0.9894	0.9981	0.8823		
6312	39.0	40.8	0.96	0.994	0.98	0.968	0.995	0.995	0.9970	0.9894	0.9981	0.8823		
6313	191.3	71.8	0.96	0.994	0.98	0.968	0.995	0.995	0.9912	0.9813	0.9904	0.8634		
6314	191.4	71.8	0.96	0.994	0.98	0.968	0.995	0.995	0.9912	0.9813	0.9904	0.8634		
6315	396.4	71.8	0.96	0.994	0.98	0.968	0.995	0.995	0.9834	0.9813	0.9802	0.8477		
6316	396.9	71.8	0.96	0.994	0.98	0.968	0.995	0.995	0.9834	0.9813	0.9802	0.8477		
6317	77.3	40.8	0.96	0.994	0.98	0.968	0.995	0.995	0.9956	0.9894	0.9961	0.8793		
6318	77.2	40.8	0.96	0.994	0.98	0.968	0.995	0.995	0.9956	0.9894	0.9961	0.8794		
6322	500.5	45.8	0.96	0.994	0.98	0.968	0.995	0.995	0.9794	0.9881	0.9750	0.8456		
6323	500.4	45.8	0.96	0.994	0.98	0.968	0.995	0.995	0.9794	0.9881	0.9750	0.8456		
6325	455.1	20.3	0.96	0.994	0.98	0.968	0.995	0.995	0.9812	0.9947	0.9772	0.8548		
6326	455.4	20.3	0.96	0.994	0.98	0.968	0.995	0.995	0.9811	0.9947	0.9772	0.8548		
6327	454.9	20.3	0.96	0.994	0.98	0.968	0.995	0.995	0.9812	0.9947	0.9773	0.8548		
6328	150.0	40.8	0.96	0.994	0.98	0.968	0.995	0.995	0.9928	0.9894	0.9925	0.8737		
6329	149.9	40.8	0.96	0.994	0.98	0.968	0.995	0.995	0.9928	0.9894	0.9925	0.8737		
6331	501.2	43.8	0.96	0.994	0.98	0.968	0.995	0.995	0.9794	0.9886	0.9749	0.8460		
6332	501.1	43.8	0.96	0.994	0.98	0.968	0.995	0.995	0.9794	0.9886	0.9749	0.8460		
6334	483.2	21.3	0.96	0.994	0.98	0.968	0.995	0.995	0.9801	0.9945	0.9758	0.8524		
6335	483.4	21.3	0.96	0.994	0.98	0.968	0.995	0.995	0.9801	0.9945	0.9758	0.8524		
6336	482.8	21.3	0.96	0.994	0.98	0.968	0.995	0.995	0.9801	0.9945	0.9759	0.8524		
6337	484.1	21.3	0.96	0.994	0.98	0.968	0.995	0.995	0.9800	0.9945	0.9758	0.8523		
6338	483.5	21.3	0.96	0.994	0.98	0.968	0.995	0.995	0.9801	0.9945	0.9758	0.8524		
6339	487.9	11.3	0.96	0.994	0.98	0.968	0.995	0.995	0.9799	0.9971	0.9756	0.8543		
6340	484.6	11.3	0.96	0.994	0.98	0.968	0.995	0.995	0.9800	0.9971	0.9758	0.8545		
6341	487.7	11.3	0.96	0.994	0.98	0.968	0.995	0.995	0.9799	0.9971	0.9756	0.8543		
6342	488.7	11.3	0.96	0.994	0.98	0.968	0.995	0.995	0.9799	0.9971	0.9756	0.8542		
6343	489.2	11.3	0.96	0.994	0.98	0.968	0.995	0.995	0.9799	0.9971	0.9755	0.8542		
6344	489.4	11.3	0.96	0.994	0.98	0.968	0.995	0.995	0.9798	0.9971	0.9755	0.8541		
6345	280.9	40.8	0.96	0.994	0.98	0.968	0.995	0.995	0.9878	0.9894	0.9860	0.8636		
6346	280.8	40.8	0.96	0.994	0.98	0.968	0.995	0.995	0.9878	0.9894	0.9860	0.8636		
6347	490.2	11.3	0.96	0.994	0.98	0.968	0.995	0.995	0.9798	0.9971	0.9755	0.8541		
6348	477.3	24.8	0.96	0.994	0.98	0.968	0.995	0.995	0.9803	0.9936	0.9761	0.8521		
6349	477.6	24.3	0.96	0.994	0.98	0.968	0.995	0.995	0.9803	0.9937	0.9761	0.8522		
6350	476.9	24.3	0.96	0.994	0.98	0.968	0.995	0.995	0.9803	0.9937	0.9762	0.8522		
6351	476.8	24.3	0.96	0.994	0.98	0.968	0.995	0.995	0.9803	0.9937	0.9762	0.8522		
6352	108.9	40.8	0.96	0.994	0.98	0.968	0.995	0.995	0.9943	0.9894	0.9946	0.8769		
6353	108.8	40.8	0.96	0.994	0.98	0.968	0.995	0.995	0.9944	0.9894	0.9946	0.8769		
6354	108.3	40.8	0.96	0.994	0.98	0.968	0.995	0.995	0.9944	0.9894	0.9946	0.8769		
6355	457.4	55.8	0.96	0.994	0.98	0.968	0.995	0.995	0.9811	0.9855	0.9771	0.8467		
6356	496.8	60.8	0.96	0.994	0.98	0.968	0.995	0.995	0.9796	0.9842	0.9752	0.8426		
6357	496.8	60.8	0.96	0.994	0.98	0.968	0.995	0.995	0.9796	0.9842	0.9752	0.8426		
6358	496.9	60.8	0.96	0.994	0.98	0.968	0.995	0.995	0.9796	0.9842	0.9752	0.8425		
6359	141.5	71.3	0.96	0.994	0.98	0.968	0.995	0.995	0.9931	0.9815	0.9929	0.8674		
6360	141.7	71.3	0.96	0.994	0.98	0.968	0.995	0.995	0.9931	0.9815	0.9929	0.8673		
6363	12.9	40.8	0.96	0.994	0.98	0.968	0.995	0.995	0.9980	0.9894	0.9994	0.8844		
6364	12.7	40.8	0.96	0.994	0.98	0.968	0.995	0.995	0.9980	0.9894	0.9994	0.8844		
6365	12.9	40.8	0.96	0.994	0.98	0.968	0.995	0.995	0.9980	0.9894	0.9994	0.8844		
6367	279.2	71.8	0.96	0.994	0.98	0.968	0.995	0.995	0.9879	0.9813	0.9860	0.8567		
6368	279.1	71.8	0.96	0.994	0.98	0.968	0.995	0.995	0.9879	0.9813	0.9860	0.8567		
6370	279.1	71.8	0.96	0.994	0.98	0.968	0.995	0.995	0.9879	0.9813	0.9860	0.8567		
6371	24.3	40.8	0.96	0.994	0.98	0.968	0.995	0.995	0.9976	0.9894	0.9988	0.8835		
6372	24.4	40.8	0.96	0.994	0.98	0.968	0.995	0.995	0.9976	0.9894	0.9988	0.8835		
6373	47.3	40.8	0.96	0.994	0.98	0.968	0.995	0.995	0.9967	0.9894	0.9976	0.8817		
6374	47.2	40.8	0.96	0.994	0.98	0.968	0.995	0.995	0.9967	0.9894	0.9976	0.8817		
6375	482.6	60.8	0.96	0.994	0.98	0.968	0.995	0.995	0.9801	0.9842	0.9759	0.8436		
6376	482.9	61.3	0.96	0.994	0.98	0.968	0.995	0.995	0.9801	0.9841	0.9759	0.8435		
6377	483.2	61.3	0.96	0.994	0.98	0.968	0.995	0.995	0.9801	0.9841	0.9758	0.8435		
6378	450.7	27.3	0.96	0.994	0.98	0.968	0.995	0.995	0.9813	0.9929	0.9775	0.8535		
6379	451.1	27.3	0.96	0.994	0.98	0.968	0.995	0.995	0.9813	0.9929	0.9774	0.8535		
6380	452.5	27.8	0.96	0.994	0.98	0.968	0.995	0.995	0.9813	0.9928	0.9774	0.8533		
6381	452.6	27.8	0.96	0.994	0.98	0.968	0.995	0.995	0.9812	0.9928	0.9774	0.8533		
6382	92.0	40.8	0.96	0.994	0.98	0.968	0.995	0.995	0.9950	0.9894	0.9954	0.8782		
6383	92.3	40.8	0.96	0.994	0.98	0.968	0.995	0.995	0.9950	0.9894	0.9954	0.8782		
6385	34.8	40.3	0.96	0.994	0.98	0.968	0.995	0.995	0.9972	0.9895	0.9983	0.8828		
6386	35.2	40.8	0.96	0.994	0.98	0.968	0.995	0.995	0.9972	0.9894	0.9982	0.8826		
6387	326.6	71.3	0.96	0.994	0.98	0.968	0.995	0.995	0.9860	0.9815	0.9837	0.8532		
6388	326.6	71.3	0.96	0.994	0.98	0.968	0.995	0.995	0.9860	0.9815	0.9837	0.8532		
6389	35.4	40.3	0.96	0.994	0.98	0.968	0.995	0.995	0.9972	0.9895	0.9982	0.8827		
6390	71.2	40.8	0.96	0.994	0.98	0.968	0.995	0.995	0.9958	0.9894	0.9964	0.8798		
6391	71.2	40.8	0.96	0.994	0.98	0.968	0.995	0.995	0.9958	0.9894	0.9964	0.8798		
6393	510.4	52.8	0.96	0.994	0.98	0.968	0.995	0.995	0.9790	0.9863	0.9745	0.8433		
6394	511.4	52.8	0.96	0.994	0.98	0.968	0.995	0.995	0.9790	0.9863	0.9744	0.8432		
6395	511.5	52.8	0.96	0.994	0.98	0.968	0.995	0.995	0.9790	0.9863	0.9744	0.8432		
6396	511.8	52.8	0.96	0.994	0.98	0.968	0.995	0.995	0.9790	0.9863	0.9744	0.8432		
6397	327.3	71.8	0.96	0.994	0.98	0.968	0.995	0.995	0.9860	0.9813	0.9836	0.8530		
6398	327.1	71.3	0.96	0.994	0.98	0.968	0.995	0.995	0.9860	0.9815	0.9836	0.8531		
6399	512.0	25.3	0.96	0.994	0.98	0.968	0.995	0.995	0.9790	0.9934	0.9744	0.8493		
6400	511.5	25.3	0.96	0.994	0.98	0.968	0.995	0.995	0.9790	0.9934	0.9744	0.8493		
6401	511.6	25.3	0.96	0.994	0.98	0.968	0.995	0.995	0.9790	0.9934	0.9744	0.8493		
6402	511.3	25.3	0.96	0.994	0.98	0.968	0.995	0.995	0.9790	0.9934	0.9744	0.8493		
6403	511.9	25.3	0.96	0.994	0.98	0.968	0.995	0.995	0.9790	0.9934	0.9744	0.8493		
6404	511.6	25.3	0.96	0.994	0.98	0.968	0.995	0.995	0.9790	0.9934	0.9744	0.8493		
6405	140.9	40.8	0.96	0.994	0.98	0.968	0.995	0.995	0.9931	0.9894	0.9930	0.8744		
6406	140.9	40.8	0.96	0.994	0.98	0.968	0.995	0.995	0.9931	0.9894	0.9930	0.8744		
6407	265.1	40.8	0.96	0.994	0.98	0.968	0.995	0.995	0.9884	0.9894	0.9867	0.8648		
6408	265.0	40.8	0.96	0.994	0.98	0.968	0.995	0.995	0.9884	0.9894	0.9867	0.8648		
6410	483.0	12.3	0.96	0.994	0.98	0.968	0.995	0.995	0.9801	0.9968	0.9759	0.8544		
6411	481.0	12.3	0.96	0.994	0.98	0.968	0.995	0.995	0.9802	0.9968	0.9759	0.8546		
6412	481.5	12.3	0.96	0.994	0.98	0.968	0.995	0.995	0.9801	0.9968	0.9759	0.8545		
6413	519.8	13.3	0.96	0.994	0.98	0.968	0.995	0.995	0.9787	0.9966	0.9740	0.8514		
6415	520.5	13.3	0.96	0.994	0.98	0.968	0.995	0.995	0.9787	0.9966	0.9740	0.8513		
6416	519.4	13.3	0.96	0.994	0.98	0.968	0.995	0.995	0.9787	0.9966	0.9740	0.8514		
6417	522.7	13.3	0.96	0.994	0.98	0.968	0.995	0.995	0.9786	0.9966	0.9739	0.8511		
6419	466.2	71.8	0.96	0.994	0.98	0.968	0.995	0.995	0.9807	0.9813	0.9767	0.8424		
6421	466.7	71.8	0.96	0.994	0.98	0.968	0.995	0.995	0.9807	0.9813	0.9767	0.8424		
6422	466.2	71.8	0.96	0.994	0.98	0.968	0.995	0.995	0.9807	0.9813	0.9767	0.8424		
6423	44.4	40.8	0.96	0.994	0.98	0.968	0.995	0.995	0.9968	0.9894	0.9978	0.8819		
6425	44.4	40.8	0.96	0.994	0.98	0.968	0.995	0.995	0.9968	0.9894	0.9978	0.8819		
6426	44.4	40.8	0.96	0.994	0.98	0.968	0.995	0.995	0.9968	0.9894	0.9978	0.8819		
6427	86.6	40.8	0.96	0.994	0.98	0.968	0.995	0.995	0.9952	0.9894	0.9957	0.8786		
6428	86.4	40.8	0.96	0.994	0.98	0.968	0.995	0.995	0.9952	0.9894	0.9957	0.8786		
6429	530.1	40.8	0.96	0.994	0.98	0.968	0.995	0.995	0.9783	0.9894	0.9735	0.8445		
6430	530.3	40.8	0.96	0.994	0.98	0.968	0.995	0.995	0.9783	0.9894	0.9735	0.8444		
6431	530.4	40.8	0.96	0.994	0.98	0.968	0.995	0.995	0.9783	0.9894	0.9735	0.8444		
6432	401.4	30.8	0.96	0.994	0.98	0.968	0.995	0.995	0.9832	0.9920	0.9799	0.8566		
6433	269.7	20.3	0.96	0.994	0.98	0.968	0.995	0.995	0.9882	0.9947	0.9865	0.8691		
6434	525.6	20.3	0.96	0.994	0.98	0.968	0.995	0.995	0.9785	0.9947	0.9737	0.8494		
6435	475.2	18.3	0.96	0.994	0.98	0.968	0.995	0.995	0.9804	0.9953	0.9762	0.8537		
6436	475.4	18.3	0.96	0.994	0.98	0.968	0.995	0.995	0.9804	0.9953	0.9762	0.8537		
6439	165.7	40.8	0.96	0.994	0.98	0.968	0.995	0.995	0.9922	0.9894	0.9917	0.8725		
6440	166.1	41.3	0.96	0.994	0.98	0.968	0.995	0.995	0.9922	0.9893	0.9917	0.8723		
6441	308.0	40.8	0.96	0.994	0.98	0.968	0.995	0.995	0.9868	0.9894	0.9846	0.8615		
6442	308.0	40.8	0.96	0.994	0.98	0.968	0.995	0.995	0.9868	0.9894	0.9846	0.8615		
6443	478.2	9.8	0.96	0.994	0.98	0.968	0.995	0.995	0.9803	0.9975	0.9761	0.8553		
6444	482.4	9.8	0.96	0.994	0.98	0.968	0.995	0.995	0.9801	0.9975	0.9759	0.8550		
6445	480.3	9.8	0.96	0.994	0.98	0.968	0.995	0.995	0.9802	0.9975	0.9760	0.8552		
6446	482.0	9.8	0.96	0.994	0.98	0.968	0.995	0.995	0.9801	0.9975	0.9759	0.8550		
6447	481.4	9.8	0.96	0.994	0.98	0.968	0.995	0.995	0.9801	0.9975	0.9759	0.8551		
6448	480.8	9.8	0.96	0.994	0.98	0.968	0.995	0.995	0.9802	0.9975	0.9760	0.8551		
6451	230.5	61.3	0.96	0.994	0.98	0.968	0.995	0.995	0.9897	0.9841	0.9885	0.8628		
6452	230.6	61.8	0.96	0.994	0.98	0.968	0.995	0.995	0.9897	0.9839	0.9885	0.8627		
6453	230.6	61.8	0.96	0.994	0.98	0.968	0.995	0.995	0.9897	0.9839	0.9885	0.8627		
6454	23.7	41.3	0.96	0.994	0.98	0.968	0.995	0.995	0.9976	0.9893	0.9988	0.8834		
6455	23.3	40.8	0.96	0.994	0.98	0.968	0.995	0.995	0.9976	0.9894	0.9988	0.8836		
6456	41.1	41.3	0.96	0.994	0.98	0.968	0.995	0.995	0.9969	0.9893	0.9979	0.8821		
6459	447.7	66.8	0.96	0.994	0.98	0.968	0.995	0.995	0.9814	0.9826	0.9776	0.8449		
6460	446.4	66.8	0.96	0.994	0.98	0.968	0.995	0.995	0.9815	0.9826	0.9777	0.8450		
6461	380.3	56.3	0.96	0.994	0.98	0.968	0.995	0.995	0.9840	0.9854	0.9810	0.8524		
6462	333.0	49.3	0.96	0.994	0.98	0.968	0.995	0.995	0.9858	0.9872	0.9833	0.8576		
6463	243.8	35.8	0.96	0.994	0.98	0.968	0.995	0.995	0.9892	0.9907	0.9878	0.8676		
6464	243.3	35.8	0.96	0.994	0.98	0.968	0.995	0.995	0.9892	0.9907	0.9878	0.8676		
6465	489.9	37.8	0.96	0.994	0.98	0.968	0.995	0.995	0.9798	0.9902	0.9755	0.8482		
6466	489.8	37.8	0.96	0.994	0.98	0.968	0.995	0.995	0.9798	0.9902	0.9755	0.8482		
6467	490.1	37.8	0.96	0.994	0.98	0.968	0.995	0.995	0.9798	0.9902	0.9755	0.8482		
6468	75.0	40.8	0.96	0.994	0.98	0.968	0.995	0.995	0.9956	0.9894	0.9963	0.8795		
6469	74.9	40.8	0.96	0.994	0.98	0.968	0.995	0.995	0.9956	0.9894	0.9963	0.8795		
6470	74.9	40.8	0.96	0.994	0.98	0.968	0.995	0.995	0.9956	0.9894	0.9963	0.8795		
6471	140.2	40.8	0.96	0.994	0.98	0.968	0.995	0.995	0.9932	0.9894	0.9930	0.8745		
6472	140.3	40.8	0.96	0.994	0.98	0.968	0.995	0.995	0.9932	0.9894	0.9930	0.8745		
6473	493.1	19.3	0.96	0.994	0.98	0.968	0.995	0.995	0.9797	0.9950	0.9753	0.8521		
6474	492.0	19.3	0.96	0.994	0.98	0.968	0.995	0.995	0.9797	0.9950	0.9754	0.8522		
6475	492.6	19.3	0.96	0.994	0.98	0.968	0.995	0.995	0.9797	0.9950	0.9754	0.8521		
6476	493.5	19.3	0.96	0.994	0.98	0.968	0.995	0.995	0.9797	0.9950	0.9753	0.8520		
6477	492.7	19.3	0.96	0.994	0.98	0.968	0.995	0.995	0.9797	0.9950	0.9754	0.8521		
6478	492.9	19.3	0.96	0.994	0.98	0.968	0.995	0.995	0.9797	0.9950	0.9754	0.8521		
6479	493.1	19.3	0.96	0.994	0.98	0.968	0.995	0.995	0.9797	0.9950	0.9753	0.8521		
6486	191.8	61.3	0.96	0.994	0.98	0.968	0.995	0.995	0.9912	0.9841	0.9904	0.8658		
6487	19.6	40.8	0.96	0.994	0.98	0.968	0.995	0.995	0.9978	0.9894	0.9990	0.8838		
6488	35.7	40.8	0.96	0.994	0.98	0.968	0.995	0.995	0.9971	0.9894	0.9982	0.8826		
6489	359.8	61.3	0.96	0.994	0.98	0.968	0.995	0.995	0.9848	0.9841	0.9820	0.8529		
6490	485.2	42.8	0.96	0.994	0.98	0.968	0.995	0.995	0.9800	0.9889	0.9757	0.8474		
6491	484.3	42.8	0.96	0.994	0.98	0.968	0.995	0.995	0.9800	0.9889	0.9758	0.8475		
6493	484.3	42.8	0.96	0.994	0.98	0.968	0.995	0.995	0.9800	0.9889	0.9758	0.8475		
6494	66.0	40.8	0.96	0.994	0.98	0.968	0.995	0.995	0.9960	0.9894	0.9967	0.8802		
6495	121.4	40.8	0.96	0.994	0.98	0.968	0.995	0.995	0.9939	0.9894	0.9939	0.8759		
6496	447.9	20.3	0.96	0.994	0.98	0.968	0.995	0.995	0.9814	0.9947	0.9776	0.8553		
6497	449.3	20.3	0.96	0.994	0.98	0.968	0.995	0.995	0.9814	0.9947	0.9775	0.8552		
6498	451.3	20.3	0.96	0.994	0.98	0.968	0.995	0.995	0.9813	0.9947	0.9774	0.8551		
6499	449.7	20.3	0.96	0.994	0.98	0.968	0.995	0.995	0.9814	0.9947	0.9775	0.8552		
6500	425.1	61.3	0.96	0.994	0.98	0.968	0.995	0.995	0.9823	0.9841	0.9787	0.8479		
6501	460.1	66.3	0.96	0.994	0.98	0.968	0.995	0.995	0.9810	0.9828	0.9770	0.8441		
6502	50.7	40.8	0.96	0.994	0.98	0.968	0.995	0.995	0.9966	0.9894	0.9975	0.8814		
6503	96.3	40.8	0.96	0.994	0.98	0.968	0.995	0.995	0.9948	0.9894	0.9952	0.8779		
6504	96.7	40.8	0.96	0.994	0.98	0.968	0.995	0.995	0.9948	0.9894	0.9952	0.8778		
6506	489.0	35.8	0.96	0.994	0.98	0.968	0.995	0.995	0.9799	0.9907	0.9755	0.8487		
6507	490.0	35.8	0.96	0.994	0.98	0.968	0.995	0.995	0.9798	0.9907	0.9755	0.8486		
6509	490.9	18.3	0.96	0.994	0.98	0.968	0.995	0.995	0.9798	0.9953	0.9755	0.8525		
6510	490.8	18.3	0.96	0.994	0.98	0.968	0.995	0.995	0.9798	0.9953	0.9755	0.8525		
6512	179.2	40.8	0.96	0.994	0.98	0.968	0.995	0.995	0.9917	0.9894	0.9910	0.8714		
6513	317.8	40.8	0.96	0.994	0.98	0.968	0.995	0.995	0.9864	0.9894	0.9841	0.8607		
6514	493.1	10.3	0.96	0.994	0.98	0.968	0.995	0.995	0.9797	0.9973	0.9753	0.8541		
6515	497.6	10.3	0.96	0.994	0.98	0.968	0.995	0.995	0.9795	0.9973	0.9751	0.8537		
6516	499.4	10.3	0.96	0.994	0.98	0.968	0.995	0.995	0.9795	0.9973	0.9750	0.8536		
6517	497.8	10.3	0.96	0.994	0.98	0.968	0.995	0.995	0.9795	0.9973	0.9751	0.8537		
6518	426.2	61.3	0.96	0.994	0.98	0.968	0.995	0.995	0.9823	0.9841	0.9787	0.8478		
6519	462.1	66.3	0.96	0.994	0.98	0.968	0.995	0.995	0.9809	0.9828	0.9769	0.8440		
6520	461.5	66.3	0.96	0.994	0.98	0.968	0.995	0.995	0.9809	0.9828	0.9769	0.8440		
6521	45.1	40.8	0.96	0.994	0.98	0.968	0.995	0.995	0.9968	0.9894	0.9977	0.8819		
6522	28.2	40.8	0.96	0.994	0.98	0.968	0.995	0.995	0.9974	0.9894	0.9986	0.8832		
6523	28.2	40.8	0.96	0.994	0.98	0.968	0.995	0.995	0.9974	0.9894	0.9986	0.8832		
6524	299.0	66.3	0.96	0.994	0.98	0.968	0.995	0.995	0.9871	0.9828	0.9851	0.8564		
6525	298.6	66.3	0.96	0.994	0.98	0.968	0.995	0.995	0.9871	0.9828	0.9851	0.8564		
6526	299.0	66.3	0.96	0.994	0.98	0.968	0.995	0.995	0.9871	0.9828	0.9850	0.8564		
6527	475.6	61.3	0.96	0.994	0.98	0.968	0.995	0.995	0.9804	0.9841	0.9762	0.8441		
6528	475.4	61.3	0.96	0.994	0.98	0.968	0.995	0.995	0.9804	0.9841	0.9762	0.8441		
6529	475.4	61.3	0.96	0.994	0.98	0.968	0.995	0.995	0.9804	0.9841	0.9762	0.8441		
6531	46.9	40.8	0.96	0.994	0.98	0.968	0.995	0.995	0.9967	0.9894	0.9977	0.8817		
6532	47.0	40.8	0.96	0.994	0.98	0.968	0.995	0.995	0.9967	0.9894	0.9976	0.8817		
6533	87.5	40.8	0.96	0.994	0.98	0.968	0.995	0.995	0.9952	0.9894	0.9956	0.8786		
6534	87.8	40.8	0.96	0.994	0.98	0.968	0.995	0.995	0.9952	0.9894	0.9956	0.8785		
6535	489.2	35.8	0.96	0.994	0.98	0.968	0.995	0.995	0.9799	0.9907	0.9755	0.8487		
6536	488.9	35.8	0.96	0.994	0.98	0.968	0.995	0.995	0.9799	0.9907	0.9756	0.8487		
6537	485.2	45.8	0.96	0.994	0.98	0.968	0.995	0.995	0.9800	0.9881	0.9757	0.8468		
6538	68.3	40.8	0.96	0.994	0.98	0.968	0.995	0.995	0.9959	0.9894	0.9966	0.8801		
6539	124.5	40.8	0.96	0.994	0.98	0.968	0.995	0.995	0.9938	0.9894	0.9938	0.8757		
6541	503.2	25.3	0.96	0.994	0.98	0.968	0.995	0.995	0.9793	0.9934	0.9748	0.8500		
6542	481.1	13.3	0.96	0.994	0.98	0.968	0.995	0.995	0.9802	0.9966	0.9759	0.8543		
6543	478.8	13.3	0.96	0.994	0.98	0.968	0.995	0.995	0.9802	0.9966	0.9761	0.8545		
6544	220.5	40.8	0.96	0.994	0.98	0.968	0.995	0.995	0.9901	0.9894	0.9890	0.8682		
6545	438.3	70.3	0.96	0.994	0.98	0.968	0.995	0.995	0.9818	0.9817	0.9781	0.8449		
6546	37.4	39.8	0.96	0.994	0.98	0.968	0.995	0.995	0.9971	0.9897	0.9981	0.8827		
6547	62.0	39.8	0.96	0.994	0.98	0.968	0.995	0.995	0.9961	0.9897	0.9969	0.8808		
6548	482.6	44.8	0.96	0.994	0.98	0.968	0.995	0.995	0.9801	0.9884	0.9759	0.8472		
6549	481.9	44.8	0.96	0.994	0.98	0.968	0.995	0.995	0.9801	0.9884	0.9759	0.8473		
6550	482.6	24.8	0.96	0.994	0.98	0.968	0.995	0.995	0.9801	0.9936	0.9759	0.8517		
6551	491.6	24.8	0.96	0.994	0.98	0.968	0.995	0.995	0.9798	0.9936	0.9754	0.8510		
6552	109.9	40.8	0.96	0.994	0.98	0.968	0.995	0.995	0.9943	0.9894	0.9945	0.8768		
7593	91.9	51.3	0.96	0.994	0.98	0.968	0.995	0.995	0.9950	0.9867	0.9954	0.8758		
7594	91.7	51.3	0.96	0.994	0.98	0.968	0.995	0.995	0.9950	0.9867	0.9954	0.8758		
7595	91.6	51.3	0.96	0.994	0.98	0.968	0.995	0.995	0.9950	0.9867	0.9954	0.8758		
7596	91.7	51.3	0.96	0.994	0.98	0.968	0.995	0.995	0.9950	0.9867	0.9954	0.8758		
7597	91.7	51.3	0.96	0.994	0.98	0.968	0.995	0.995	0.9950	0.9867	0.9954	0.8758		
7599	11.6	40.8	0.96	0.994	0.98	0.968	0.995	0.995	0.9981	0.9894	0.9994	0.8845		
7600	11.6	40.8	0.96	0.994	0.98	0.968	0.995	0.995	0.9981	0.9894	0.9994	0.8845		
7601	11.7	40.8	0.96	0.994	0.98	0.968	0.995	0.995	0.9981	0.9894	0.9994	0.8845		
7602	11.6	40.8	0.96	0.994	0.98	0.968	0.995	0.995	0.9981	0.9894	0.9994	0.8845		
7603	11.7	41.3	0.96	0.994	0.98	0.968	0.995	0.995	0.9981	0.9893	0.9994	0.8843		
7604	11.7	41.3	0.96	0.994	0.98	0.968	0.995	0.995	0.9981	0.9893	0.9994	0.8843		
7605	22.1	41.3	0.96	0.994	0.98	0.968	0.995	0.995	0.9977	0.9893	0.9989	0.8835		
7606	22.0	41.3	0.96	0.994	0.98	0.968	0.995	0.995	0.9977	0.9893	0.9989	0.8835		
7607	22.1	41.3	0.96	0.994	0.98	0.968	0.995	0.995	0.9977	0.9893	0.9989	0.8835		
7608	182.3	51.3	0.96	0.994	0.98	0.968	0.995	0.995	0.9916	0.9867	0.9909	0.8688		
7609	182.3	51.3	0.96	0.994	0.98	0.968	0.995	0.995	0.9915	0.9867	0.9909	0.8688		
7610	180.0	51.8	0.96	0.994	0.98	0.968	0.995	0.995	0.9916	0.9865	0.9910	0.8689		
7611	372.0	51.3	0.96	0.994	0.98	0.968	0.995	0.995	0.9843	0.9867	0.9814	0.8542		
7612	372.3	51.3	0.96	0.994	0.98	0.968	0.995	0.995	0.9843	0.9867	0.9814	0.8542		
7613	372.4	51.3	0.96	0.994	0.98	0.968	0.995	0.995	0.9843	0.9867	0.9814	0.8542		
7614	372.5	51.3	0.96	0.994	0.98	0.968	0.995	0.995	0.9843	0.9867	0.9814	0.8542		
7615	373.2	51.8	0.96	0.994	0.98	0.968	0.995	0.995	0.9843	0.9865	0.9813	0.8540		
7616	372.2	51.3	0.96	0.994	0.98	0.968	0.995	0.995	0.9843	0.9867	0.9814	0.8542		
7617	43.6	41.3	0.96	0.994	0.98	0.968	0.995	0.995	0.9968	0.9893	0.9978	0.8819		
7618	43.5	41.3	0.96	0.994	0.98	0.968	0.995	0.995	0.9968	0.9893	0.9978	0.8819		
7619	43.5	41.3	0.96	0.994	0.98	0.968	0.995	0.995	0.9968	0.9893	0.9978	0.8819		
7620	86.4	41.3	0.96	0.994	0.98	0.968	0.995	0.995	0.9952	0.9893	0.9957	0.8785		
7621	86.6	41.3	0.96	0.994	0.98	0.968	0.995	0.995	0.9952	0.9893	0.9957	0.8785		
7622	86.7	41.3	0.96	0.994	0.98	0.968	0.995	0.995	0.9952	0.9893	0.9957	0.8785		
7623	86.8	41.3	0.96	0.994	0.98	0.968	0.995	0.995	0.9952	0.9893	0.9957	0.8785		
7625	498.7	32.8	0.96	0.994	0.98	0.968	0.995	0.995	0.9795	0.9915	0.9751	0.8486		
7626	498.8	32.8	0.96	0.994	0.98	0.968	0.995	0.995	0.9795	0.9915	0.9751	0.8486		
7627	498.6	32.8	0.96	0.994	0.98	0.968	0.995	0.995	0.9795	0.9915	0.9751	0.8486		
7628	499.0	32.8	0.96	0.994	0.98	0.968	0.995	0.995	0.9795	0.9915	0.9750	0.8486		
7629	498.9	32.8	0.96	0.994	0.98	0.968	0.995	0.995	0.9795	0.9915	0.9751	0.8486		
7630	498.7	32.8	0.96	0.994	0.98	0.968	0.995	0.995	0.9795	0.9915	0.9751	0.8486		
7631	498.7	32.8	0.96	0.994	0.98	0.968	0.995	0.995	0.9795	0.9915	0.9751	0.8486		
7632	498.6	32.8	0.96	0.994	0.98	0.968	0.995	0.995	0.9795	0.9915	0.9751	0.8487		
7633	498.7	32.8	0.96	0.994	0.98	0.968	0.995	0.995	0.9795	0.9915	0.9751	0.8486		
7634	498.5	32.8	0.96	0.994	0.98	0.968	0.995	0.995	0.9795	0.9915	0.9751	0.8487		
7635	101.2	25.8	0.96	0.994	0.98	0.968	0.995	0.995	0.9946	0.9933	0.9949	0.8810		
7636	100.9	25.3	0.96	0.994	0.98	0.968	0.995	0.995	0.9947	0.9934	0.9950	0.8811		
7637	100.7	25.3	0.96	0.994	0.98	0.968	0.995	0.995	0.9947	0.9934	0.9950	0.8811		
7638	29.9	40.8	0.96	0.994	0.98	0.968	0.995	0.995	0.9974	0.9894	0.9985	0.8830		
7639	29.9	40.8	0.96	0.994	0.98	0.968	0.995	0.995	0.9974	0.9894	0.9985	0.8830		
7640	61.6	40.8	0.96	0.994	0.98	0.968	0.995	0.995	0.9962	0.9894	0.9969	0.8806		
7641	61.2	40.8	0.96	0.994	0.98	0.968	0.995	0.995	0.9962	0.9894	0.9969	0.8806		
7642	190.9	22.3	0.96	0.994	0.98	0.968	0.995	0.995	0.9912	0.9942	0.9905	0.8748		
7643	190.5	22.3	0.96	0.994	0.98	0.968	0.995	0.995	0.9912	0.9942	0.9905	0.8748		
7644	190.3	22.3	0.96	0.994	0.98	0.968	0.995	0.995	0.9912	0.9942	0.9905	0.8748		
7645	189.7	22.3	0.96	0.994	0.98	0.968	0.995	0.995	0.9913	0.9942	0.9905	0.8749		
7646	363.6	20.3	0.96	0.994	0.98	0.968	0.995	0.995	0.9846	0.9947	0.9818	0.8618		
7647	363.3	20.3	0.96	0.994	0.98	0.968	0.995	0.995	0.9846	0.9947	0.9818	0.8619		
7648	364.0	20.3	0.96	0.994	0.98	0.968	0.995	0.995	0.9846	0.9947	0.9818	0.8618		
7649	364.6	20.3	0.96	0.994	0.98	0.968	0.995	0.995	0.9846	0.9947	0.9818	0.8618		
7650	364.9	20.3	0.96	0.994	0.98	0.968	0.995	0.995	0.9846	0.9947	0.9818	0.8617		
7651	418.3	23.3	0.96	0.994	0.98	0.968	0.995	0.995	0.9826	0.9940	0.9791	0.8569		
7652	436.8	24.3	0.96	0.994	0.98	0.968	0.995	0.995	0.9818	0.9937	0.9782	0.8553		
7654	124.0	40.8	0.96	0.994	0.98	0.968	0.995	0.995	0.9938	0.9894	0.9938	0.8757		
7655	124.0	40.8	0.96	0.994	0.98	0.968	0.995	0.995	0.9938	0.9894	0.9938	0.8757		
7657	241.6	40.8	0.96	0.994	0.98	0.968	0.995	0.995	0.9893	0.9894	0.9879	0.8666		
7658	241.6	40.8	0.96	0.994	0.98	0.968	0.995	0.995	0.9893	0.9894	0.9879	0.8666		
7659	241.6	40.8	0.96	0.994	0.98	0.968	0.995	0.995	0.9893	0.9894	0.9879	0.8666		
7660	241.1	40.8	0.96	0.994	0.98	0.968	0.995	0.995	0.9893	0.9894	0.9879	0.8667		
7661	496.9	13.8	0.96	0.994	0.98	0.968	0.995	0.995	0.9796	0.9964	0.9752	0.8530		
7662	495.7	13.8	0.96	0.994	0.98	0.968	0.995	0.995	0.9796	0.9964	0.9752	0.8531		
7663	496.5	13.8	0.96	0.994	0.98	0.968	0.995	0.995	0.9796	0.9964	0.9752	0.8530		
7666	495.1	13.8	0.96	0.994	0.98	0.968	0.995	0.995	0.9796	0.9964	0.9752	0.8531		
7667	495.1	13.8	0.96	0.994	0.98	0.968	0.995	0.995	0.9796	0.9964	0.9752	0.8531		
7668	479.6	13.3	0.96	0.994	0.98	0.968	0.995	0.995	0.9802	0.9966	0.9760	0.8545		
7669	481.7	13.3	0.96	0.994	0.98	0.968	0.995	0.995	0.9801	0.9966	0.9759	0.8543		
7670	481.9	13.3	0.96	0.994	0.98	0.968	0.995	0.995	0.9801	0.9966	0.9759	0.8543		
7671	440.9	51.3	0.96	0.994	0.98	0.968	0.995	0.995	0.9817	0.9867	0.9780	0.8489		
7672	441.2	51.3	0.96	0.994	0.98	0.968	0.995	0.995	0.9817	0.9867	0.9779	0.8489		
7673	52.1	41.3	0.96	0.994	0.98	0.968	0.995	0.995	0.9965	0.9893	0.9974	0.8812		
7674	52.1	41.3	0.96	0.994	0.98	0.968	0.995	0.995	0.9965	0.9893	0.9974	0.8812		
7675	90.7	41.3	0.96	0.994	0.98	0.968	0.995	0.995	0.9950	0.9893	0.9955	0.8782		
7676	90.7	41.3	0.96	0.994	0.98	0.968	0.995	0.995	0.9950	0.9893	0.9955	0.8782		
7677	90.7	41.3	0.96	0.994	0.98	0.968	0.995	0.995	0.9950	0.9893	0.9955	0.8782		
7678	102.6	6.8	0.96	0.994	0.98	0.968	0.995	0.995	0.9946	0.9982	0.9949	0.8852		
7679	501.5	31.8	0.96	0.994	0.98	0.968	0.995	0.995	0.9794	0.9917	0.9749	0.8487		
7680	501.5	31.8	0.96	0.994	0.98	0.968	0.995	0.995	0.9794	0.9917	0.9749	0.8486		
7681	501.6	31.8	0.96	0.994	0.98	0.968	0.995	0.995	0.9794	0.9917	0.9749	0.8486		
7682	500.7	31.8	0.96	0.994	0.98	0.968	0.995	0.995	0.9794	0.9917	0.9750	0.8487		
7684	521.0	17.3	0.96	0.994	0.98	0.968	0.995	0.995	0.9786	0.9955	0.9740	0.8504		
7685	513.9	17.3	0.96	0.994	0.98	0.968	0.995	0.995	0.9789	0.9955	0.9743	0.8509		
7686	514.5	17.3	0.96	0.994	0.98	0.968	0.995	0.995	0.9789	0.9955	0.9743	0.8509		
7687	514.4	17.3	0.96	0.994	0.98	0.968	0.995	0.995	0.9789	0.9955	0.9743	0.8509		
7688	514.8	17.3	0.96	0.994	0.98	0.968	0.995	0.995	0.9789	0.9955	0.9743	0.8509		
7689	520.8	17.3	0.96	0.994	0.98	0.968	0.995	0.995	0.9786	0.9955	0.9740	0.8504		
7690	517.9	17.3	0.96	0.994	0.98	0.968	0.995	0.995	0.9788	0.9955	0.9741	0.8506		
7692	515.8	17.3	0.96	0.994	0.98	0.968	0.995	0.995	0.9788	0.9955	0.9742	0.8508		
7694	166.5	41.3	0.96	0.994	0.98	0.968	0.995	0.995	0.9922	0.9893	0.9917	0.8723		
7695	166.8	41.3	0.96	0.994	0.98	0.968	0.995	0.995	0.9921	0.9893	0.9917	0.8723		
7697	93.8	41.3	0.96	0.994	0.98	0.968	0.995	0.995	0.9949	0.9893	0.9953	0.8780		
7698	93.9	41.3	0.96	0.994	0.98	0.968	0.995	0.995	0.9949	0.9893	0.9953	0.8779		
7699	456.7	30.8	0.96	0.994	0.98	0.968	0.995	0.995	0.9811	0.9920	0.9772	0.8523		
7702	456.8	30.8	0.96	0.994	0.98	0.968	0.995	0.995	0.9811	0.9920	0.9772	0.8523		
7703	458.4	30.8	0.96	0.994	0.98	0.968	0.995	0.995	0.9810	0.9920	0.9771	0.8522		
7706	498.8	17.3	0.96	0.994	0.98	0.968	0.995	0.995	0.9795	0.9955	0.9751	0.8521		
7707	498.5	17.3	0.96	0.994	0.98	0.968	0.995	0.995	0.9795	0.9955	0.9751	0.8521		
7708	498.8	17.3	0.96	0.994	0.98	0.968	0.995	0.995	0.9795	0.9955	0.9751	0.8521		
7709	498.7	17.3	0.96	0.994	0.98	0.968	0.995	0.995	0.9795	0.9955	0.9751	0.8521		
7710	499.3	17.3	0.96	0.994	0.98	0.968	0.995	0.995	0.9795	0.9955	0.9750	0.8520		
7711	175.6	40.8	0.96	0.994	0.98	0.968	0.995	0.995	0.9918	0.9894	0.9912	0.8717		
7712	175.5	40.8	0.96	0.994	0.98	0.968	0.995	0.995	0.9918	0.9894	0.9912	0.8717		
7713	324.0	40.8	0.96	0.994	0.98	0.968	0.995	0.995	0.9862	0.9894	0.9838	0.8603		
7714	323.5	40.8	0.96	0.994	0.98	0.968	0.995	0.995	0.9862	0.9894	0.9838	0.8603		
7715	322.7	40.8	0.96	0.994	0.98	0.968	0.995	0.995	0.9862	0.9894	0.9839	0.8604		
7716	485.8	8.8	0.96	0.994	0.98	0.968	0.995	0.995	0.9800	0.9977	0.9757	0.8550		
7717	484.3	8.8	0.96	0.994	0.98	0.968	0.995	0.995	0.9800	0.9977	0.9758	0.8551		
7718	483.5	8.8	0.96	0.994	0.98	0.968	0.995	0.995	0.9801	0.9977	0.9758	0.8552		
7719	483.9	8.8	0.96	0.994	0.98	0.968	0.995	0.995	0.9801	0.9977	0.9758	0.8551		
7720	486.2	8.8	0.96	0.994	0.98	0.968	0.995	0.995	0.9800	0.9977	0.9757	0.8549		
7721	492.4	9.3	0.96	0.994	0.98	0.968	0.995	0.995	0.9797	0.9976	0.9754	0.8544		
7722	496.8	9.3	0.96	0.994	0.98	0.968	0.995	0.995	0.9796	0.9976	0.9752	0.8540		
7723	21.2	51.8	0.96	0.994	0.98	0.968	0.995	0.995	0.9977	0.9865	0.9989	0.8812		
7724	46.4	51.8	0.96	0.994	0.98	0.968	0.995	0.995	0.9967	0.9865	0.9977	0.8792		
7725	6.1	41.3	0.96	0.994	0.98	0.968	0.995	0.995	0.9983	0.9893	0.9997	0.8848		
7727	20.6	41.3	0.96	0.994	0.98	0.968	0.995	0.995	0.9977	0.9893	0.9990	0.8836		
7728	20.7	41.3	0.96	0.994	0.98	0.968	0.995	0.995	0.9977	0.9893	0.9990	0.8836		
7729	70.6	51.8	0.96	0.994	0.98	0.968	0.995	0.995	0.9958	0.9865	0.9965	0.8773		
7730	70.7	51.8	0.96	0.994	0.98	0.968	0.995	0.995	0.9958	0.9865	0.9965	0.8773		
7733	70.0	51.3	0.96	0.994	0.98	0.968	0.995	0.995	0.9958	0.9867	0.9965	0.8775		
7735	165.8	50.8	0.96	0.994	0.98	0.968	0.995	0.995	0.9922	0.9868	0.9917	0.8702		
7736	165.5	50.8	0.96	0.994	0.98	0.968	0.995	0.995	0.9922	0.9868	0.9917	0.8702		
7737	323.3	50.8	0.96	0.994	0.98	0.968	0.995	0.995	0.9862	0.9868	0.9838	0.8580		
7738	325.9	51.3	0.96	0.994	0.98	0.968	0.995	0.995	0.9861	0.9867	0.9837	0.8577		
7739	323.2	50.8	0.96	0.994	0.98	0.968	0.995	0.995	0.9862	0.9868	0.9838	0.8581		
7740	322.4	50.8	0.96	0.994	0.98	0.968	0.995	0.995	0.9862	0.9868	0.9839	0.8581		
7741	135.7	50.8	0.96	0.994	0.98	0.968	0.995	0.995	0.9933	0.9868	0.9932	0.8725		
7742	110.0	41.3	0.96	0.994	0.98	0.968	0.995	0.995	0.9943	0.9893	0.9945	0.8767		
7743	136.7	51.3	0.96	0.994	0.98	0.968	0.995	0.995	0.9933	0.9867	0.9932	0.8723		
7747	37.9	40.3	0.96	0.994	0.98	0.968	0.995	0.995	0.9971	0.9895	0.9981	0.8825		
7748	37.7	40.3	0.96	0.994	0.98	0.968	0.995	0.995	0.9971	0.9895	0.9981	0.8825		
7749	37.6	40.3	0.96	0.994	0.98	0.968	0.995	0.995	0.9971	0.9895	0.9981	0.8826		
7750	72.7	40.3	0.96	0.994	0.98	0.968	0.995	0.995	0.9957	0.9895	0.9964	0.8798		
7751	73.0	40.3	0.96	0.994	0.98	0.968	0.995	0.995	0.9957	0.9895	0.9963	0.8798		
7752	73.1	40.3	0.96	0.994	0.98	0.968	0.995	0.995	0.9957	0.9895	0.9963	0.8798		
7753	278.3	50.8	0.96	0.994	0.98	0.968	0.995	0.995	0.9879	0.9868	0.9861	0.8615		
7754	278.5	50.8	0.96	0.994	0.98	0.968	0.995	0.995	0.9879	0.9868	0.9861	0.8615		
7755	278.8	50.8	0.96	0.994	0.98	0.968	0.995	0.995	0.9879	0.9868	0.9861	0.8615		
7757	483.4	37.8	0.96	0.994	0.98	0.968	0.995	0.995	0.9801	0.9902	0.9758	0.8487		
7758	483.4	37.8	0.96	0.994	0.98	0.968	0.995	0.995	0.9801	0.9902	0.9758	0.8487		
7759	483.3	37.8	0.96	0.994	0.98	0.968	0.995	0.995	0.9801	0.9902	0.9758	0.8487		
7760	57.6	50.8	0.96	0.994	0.98	0.968	0.995	0.995	0.9963	0.9868	0.9971	0.8786		
7762	8.5	40.8	0.96	0.994	0.98	0.968	0.995	0.995	0.9982	0.9894	0.9996	0.8847		
7763	28.1	50.8	0.96	0.994	0.98	0.968	0.995	0.995	0.9974	0.9868	0.9986	0.8809		
7765	69.3	20.3	0.96	0.994	0.98	0.968	0.995	0.995	0.9959	0.9947	0.9965	0.8847		
7766	68.1	19.8	0.96	0.994	0.98	0.968	0.995	0.995	0.9959	0.9949	0.9966	0.8849		
7768	120.5	17.8	0.96	0.994	0.98	0.968	0.995	0.995	0.9939	0.9954	0.9940	0.8813		
7769	120.3	17.8	0.96	0.994	0.98	0.968	0.995	0.995	0.9939	0.9954	0.9940	0.8813		
7770	120.1	17.8	0.96	0.994	0.98	0.968	0.995	0.995	0.9939	0.9954	0.9940	0.8813		
7771	119.9	17.8	0.96	0.994	0.98	0.968	0.995	0.995	0.9939	0.9954	0.9940	0.8813		
7772	45.7	39.8	0.96	0.994	0.98	0.968	0.995	0.995	0.9968	0.9897	0.9977	0.8820		
7773	91.9	39.3	0.96	0.994	0.98	0.968	0.995	0.995	0.9950	0.9898	0.9954	0.8786		
7774	92.7	39.8	0.96	0.994	0.98	0.968	0.995	0.995	0.9950	0.9897	0.9954	0.8784		
7775	324.9	23.3	0.96	0.994	0.98	0.968	0.995	0.995	0.9861	0.9940	0.9838	0.8641		
7776	325.3	23.3	0.96	0.994	0.98	0.968	0.995	0.995	0.9861	0.9940	0.9837	0.8641		
7777	325.7	23.3	0.96	0.994	0.98	0.968	0.995	0.995	0.9861	0.9940	0.9837	0.8641		
7778	146.1	20.3	0.96	0.994	0.98	0.968	0.995	0.995	0.9929	0.9947	0.9927	0.8787		
7779	146.2	20.3	0.96	0.994	0.98	0.968	0.995	0.995	0.9929	0.9947	0.9927	0.8787		
7781	286.3	19.3	0.96	0.994	0.98	0.968	0.995	0.995	0.9876	0.9950	0.9857	0.8680		
7782	286.2	19.3	0.96	0.994	0.98	0.968	0.995	0.995	0.9876	0.9950	0.9857	0.8680		
7783	489.3	17.3	0.96	0.994	0.98	0.968	0.995	0.995	0.9798	0.9955	0.9755	0.8528		
7784	489.4	17.3	0.96	0.994	0.98	0.968	0.995	0.995	0.9798	0.9955	0.9755	0.8528		
7785	491.1	17.3	0.96	0.994	0.98	0.968	0.995	0.995	0.9798	0.9955	0.9754	0.8527		
7786	493.5	17.3	0.96	0.994	0.98	0.968	0.995	0.995	0.9797	0.9955	0.9753	0.8525		
7787	495.0	17.3	0.96	0.994	0.98	0.968	0.995	0.995	0.9796	0.9955	0.9752	0.8524		
7790	187.3	40.8	0.96	0.994	0.98	0.968	0.995	0.995	0.9914	0.9894	0.9906	0.8708		
7791	186.9	40.8	0.96	0.994	0.98	0.968	0.995	0.995	0.9914	0.9894	0.9907	0.8708		
7792	187.0	40.8	0.96	0.994	0.98	0.968	0.995	0.995	0.9914	0.9894	0.9907	0.8708		
7793	27.3	40.8	0.96	0.994	0.98	0.968	0.995	0.995	0.9975	0.9894	0.9986	0.8832		
7794	27.3	40.8	0.96	0.994	0.98	0.968	0.995	0.995	0.9975	0.9894	0.9986	0.8832		
7796	224.6	51.3	0.96	0.994	0.98	0.968	0.995	0.995	0.9899	0.9867	0.9888	0.8655		
7797	224.6	51.3	0.96	0.994	0.98	0.968	0.995	0.995	0.9899	0.9867	0.9888	0.8655		
7798	418.9	51.3	0.96	0.994	0.98	0.968	0.995	0.995	0.9825	0.9867	0.9791	0.8506		
7799	418.7	51.3	0.96	0.994	0.98	0.968	0.995	0.995	0.9825	0.9867	0.9791	0.8506		
7800	212.0	25.8	0.96	0.994	0.98	0.968	0.995	0.995	0.9904	0.9933	0.9894	0.8723		
7801	48.8	40.8	0.96	0.994	0.98	0.968	0.995	0.995	0.9966	0.9894	0.9976	0.8816		
7802	48.8	40.8	0.96	0.994	0.98	0.968	0.995	0.995	0.9966	0.9894	0.9976	0.8816		
7803	91.6	40.8	0.96	0.994	0.98	0.968	0.995	0.995	0.9950	0.9894	0.9954	0.8782		
7804	91.8	41.3	0.96	0.994	0.98	0.968	0.995	0.995	0.9950	0.9893	0.9954	0.8781		
7805	496.9	30.8	0.96	0.994	0.98	0.968	0.995	0.995	0.9796	0.9920	0.9752	0.8492		
7806	497.0	30.8	0.96	0.994	0.98	0.968	0.995	0.995	0.9796	0.9920	0.9751	0.8492		
7807	497.0	30.8	0.96	0.994	0.98	0.968	0.995	0.995	0.9796	0.9920	0.9752	0.8492		
7808	226.5	27.8	0.96	0.994	0.98	0.968	0.995	0.995	0.9899	0.9928	0.9887	0.8707		
7809	226.5	27.8	0.96	0.994	0.98	0.968	0.995	0.995	0.9899	0.9928	0.9887	0.8707		
7811	54.9	41.3	0.96	0.994	0.98	0.968	0.995	0.995	0.9964	0.9893	0.9973	0.8810		
7812	107.9	41.3	0.96	0.994	0.98	0.968	0.995	0.995	0.9944	0.9893	0.9946	0.8769		
7813	421.7	25.8	0.96	0.994	0.98	0.968	0.995	0.995	0.9824	0.9933	0.9789	0.8561		
7814	421.7	25.8	0.96	0.994	0.98	0.968	0.995	0.995	0.9824	0.9933	0.9789	0.8561		
7815	487.1	14.8	0.96	0.994	0.98	0.968	0.995	0.995	0.9799	0.9962	0.9756	0.8535		
7816	487.0	14.8	0.96	0.994	0.98	0.968	0.995	0.995	0.9799	0.9962	0.9756	0.8535		
7817	486.9	14.8	0.96	0.994	0.98	0.968	0.995	0.995	0.9799	0.9962	0.9757	0.8536		
7819	207.7	40.8	0.96	0.994	0.98	0.968	0.995	0.995	0.9906	0.9894	0.9896	0.8692		
7820	207.7	41.3	0.96	0.994	0.98	0.968	0.995	0.995	0.9906	0.9893	0.9896	0.8691		
